100
41 4575
40 4575
22 4575
52 9445
51 9445
50 9445
12 81
11 81
16 81
22 629
21 629
27 629
47 7202
46 7202
37 7202
40 4325
39 4325
11 4325
41 4784
40 4784
26 4784
32 2156
31 2156
37 2156
44 5902
43 5902
16 5902
50 8537
49 8537
8 8537
23 739
22 739
37 739
51 9211
50 9211
14 9211
50 8506
49 8506
31 8506
46 6568
45 6568
16 6568
7 16
6 16
48 16
45 6263
44 6263
36 6263
28 1449
27 1449
17 1449
17 310
16 310
15 310
47 7068
46 7068
15 7068
50 8580
49 8580
15 8580
51 9218
50 9218
37 9218
40 4328
39 4328
10 4328
52 9355
51 9355
44 9355
51 9080
50 9080
13 9080
29 1545
28 1545
22 1545
40 4067
39 4067
39 4067
50 8674
49 8674
27 8674
46 6504
45 6504
31 6504
31 2034
30 2034
31 2034
52 9980
51 9980
29 9980
44 5895
43 5895
25 5895
49 8152
48 8152
5 8152
48 7731
47 7731
5 7731
49 8153
48 8153
18 8153
