9999
49 8153
48 8153
18 8153
51 9022
50 9022
48 9022
50 8399
49 8399
25 8399
46 6466
45 6466
19 6466
29 1502
28 1502
4 1502
50 8333
49 8333
48 8333
39 3792
38 3792
51 3792
47 7010
46 7010
48 7010
47 7328
46 7328
22 7328
41 4712
40 4712
18 4712
45 6480
44 6480
25 6480
49 8121
48 8121
47 8121
38 3492
37 3492
3 3492
49 8197
48 8197
44 8197
49 7925
48 7925
51 7925
23 717
22 717
7 717
51 9200
50 9200
14 9200
45 6104
44 6104
14 6104
38 3620
37 3620
35 3620
24 881
23 881
30 881
44 5559
43 5559
6 5559
50 8502
49 8502
5 8502
35 2962
34 2962
22 2962
48 7435
47 7435
1 7435
20 464
19 464
27 464
34 2549
33 2549
3 2549
46 6595
45 6595
24 6595
50 8720
49 8720
48 8720
22 639
21 639
30 639
51 9130
50 9130
32 9130
51 8989
50 8989
27 8989
34 2581
33 2581
18 2581
48 7466
47 7466
8 7466
31 1929
30 1929
9 1929
34 2581
33 2581
51 2581
52 9455
51 9455
10 9455
41 4628
40 4628
14 4628
52 9335
51 9335
35 9335
29 1552
28 1552
26 1552
44 5811
43 5811
42 5811
40 4148
39 4148
13 4148
47 6954
46 6954
12 6954
13 114
12 114
41 114
38 3686
37 3686
27 3686
19 382
18 382
34 382
49 8326
48 8326
16 8326
37 3553
36 3553
48 3553
42 4957
41 4957
34 4957
49 8231
48 8231
6 8231
26 1185
25 1185
17 1185
40 4305
39 4305
20 4305
48 7564
47 7564
28 7564
10 52
9 52
10 52
25 943
24 943
39 943
48 7593
47 7593
40 7593
48 7370
47 7370
17 7370
20 443
19 443
8 443
52 9525
51 9525
11 9525
19 412
18 412
31 412
46 6699
45 6699
31 6699
50 8976
49 8976
39 8976
33 2217
32 2217
11 2217
51 9343
50 9343
26 9343
36 3220
35 3220
11 3220
41 4584
40 4584
26 4584
41 4496
40 4496
11 4496
34 2601
33 2601
23 2601
28 1449
27 1449
30 1449
9 40
8 40
21 40
50 8238
49 8238
4 8238
38 3517
37 3517
15 3517
40 4433
39 4433
45 4433
31 1957
30 1957
36 1957
46 6456
45 6456
27 6456
36 2977
35 2977
18 2977
31 1999
30 1999
24 1999
38 3541
37 3541
2 3541
39 3764
38 3764
50 3764
28 1401
27 1401
49 1401
50 8698
49 8698
50 8698
29 1515
28 1515
27 1515
29 1495
28 1495
13 1495
41 4571
40 4571
51 4571
50 8357
49 8357
26 8357
37 3310
36 3310
32 3310
44 5844
43 5844
26 5844
48 7484
47 7484
43 7484
38 3559
37 3559
46 3559
28 1394
27 1394
2 1394
26 1107
25 1107
1 1107
34 2737
33 2737
46 2737
42 4979
41 4979
27 4979
41 4685
40 4685
50 4685
43 5542
42 5542
23 5542
51 9134
50 9134
26 9134
34 2751
33 2751
38 2751
25 898
24 898
21 898
16 212
15 212
9 212
50 8297
49 8297
8 8297
22 720
21 720
11 720
32 2280
31 2280
49 2280
40 4338
39 4338
29 4338
50 8183
49 8183
20 8183
44 5740
43 5740
17 5740
52 9555
51 9555
33 9555
37 3316
36 3316
47 3316
45 6013
44 6013
20 6013
39 3974
38 3974
27 3974
31 2024
30 2024
27 2024
45 6176
44 6176
49 6176
27 1151
26 1151
36 1151
52 9876
51 9876
43 9876
51 8893
50 8893
29 8893
38 3737
37 3737
19 3737
49 8323
48 8323
26 8323
44 5819
43 5819
26 5819
42 5157
41 5157
10 5157
45 6343
44 6343
34 6343
26 1197
25 1197
10 1197
31 1856
30 1856
36 1856
39 3879
38 3879
37 3879
33 2461
32 2461
31 2461
51 9123
50 9123
26 9123
43 5400
42 5400
32 5400
52 9447
51 9447
10 9447
51 9152
50 9152
4 9152
52 9674
51 9674
19 9674
51 8984
50 8984
25 8984
43 5322
42 5322
30 5322
34 2646
33 2646
25 2646
51 9191
50 9191
29 9191
48 7605
47 7605
37 7605
40 4453
39 4453
14 4453
16 243
15 243
48 243
31 1854
30 1854
34 1854
36 3075
35 3075
5 3075
26 974
25 974
51 974
31 1837
30 1837
4 1837
52 9845
51 9845
7 9845
29 1673
28 1673
6 1673
49 7865
48 7865
38 7865
24 952
23 952
20 952
43 5329
42 5329
27 5329
45 6331
44 6331
25 6331
49 8027
48 8027
32 8027
36 3081
35 3081
17 3081
42 5063
41 5063
26 5063
48 7358
47 7358
26 7358
48 7801
47 7801
10 7801
50 8374
49 8374
27 8374
42 5051
41 5051
11 5051
52 9478
51 9478
16 9478
28 1304
27 1304
5 1304
33 2308
32 2308
35 2308
41 4499
40 4499
8 4499
30 1706
29 1706
2 1706
49 7822
48 7822
31 7822
25 1015
24 1015
50 1015
47 7267
46 7267
41 7267
16 237
15 237
30 237
45 6111
44 6111
11 6111
37 3444
36 3444
38 3444
53 9826
52 9826
4 9826
38 3702
37 3702
32 3702
46 6944
45 6944
32 6944
38 3521
37 3521
27 3521
47 6946
46 6946
41 6946
46 6616
45 6616
47 6616
29 1654
28 1654
5 1654
37 3522
36 3522
26 3522
34 2683
33 2683
2 2683
43 5226
42 5226
26 5226
33 2486
32 2486
1 2486
52 9661
51 9661
1 9661
47 6961
46 6961
32 6961
31 1903
30 1903
12 1903
41 4758
40 4758
20 4758
44 5766
43 5766
20 5766
36 3224
35 3224
43 3224
38 3741
37 3741
36 3741
51 9018
50 9018
38 9018
43 5395
42 5395
21 5395
44 5925
43 5925
13 5925
49 7850
48 7850
8 7850
35 2711
34 2711
30 2711
49 8184
48 8184
11 8184
34 2559
33 2559
30 2559
50 8345
49 8345
17 8345
33 2322
32 2322
32 2322
21 555
20 555
13 555
30 1785
29 1785
28 1785
27 1312
26 1312
3 1312
33 2321
32 2321
41 2321
38 3696
37 3696
36 3696
42 4857
41 4857
44 4857
25 948
24 948
45 948
41 4535
40 4535
19 4535
45 6284
44 6284
31 6284
27 1268
26 1268
6 1268
38 3674
37 3674
42 3674
25 939
24 939
29 939
38 3717
37 3717
41 3717
45 6334
44 6334
11 6334
46 6471
45 6471
28 6471
26 1121
25 1121
13 1121
51 9103
50 9103
51 9103
26 1149
25 1149
18 1149
44 5776
43 5776
12 5776
33 2238
32 2238
40 2238
35 2736
34 2736
44 2736
49 8070
48 8070
29 8070
27 1274
26 1274
14 1274
29 1560
28 1560
52 1560
42 4748
41 4748
51 4748
44 6061
43 6061
48 6061
47 6954
46 6954
21 6954
31 2034
30 2034
28 2034
45 6345
44 6345
37 6345
52 9640
51 9640
30 9640
38 3717
37 3717
16 3717
50 8211
49 8211
51 8211
28 1483
27 1483
9 1483
50 8668
49 8668
8 8668
16 256
15 256
46 256
39 4127
38 4127
21 4127
51 8808
50 8808
6 8808
44 5758
43 5758
12 5758
41 4591
40 4591
6 4591
45 6076
44 6076
31 6076
42 4964
41 4964
37 4964
49 8370
48 8370
31 8370
19 441
18 441
17 441
49 8125
48 8125
13 8125
22 661
21 661
25 661
26 1166
25 1166
1 1166
52 9394
51 9394
10 9394
52 9513
51 9513
2 9513
35 2687
34 2687
45 2687
46 6614
45 6614
44 6614
40 4222
39 4222
1 4222
44 5748
43 5748
30 5748
49 8311
48 8311
18 8311
32 2193
31 2193
41 2193
36 3172
35 3172
30 3172
24 803
23 803
10 803
34 2547
33 2547
39 2547
43 5442
42 5442
32 5442
37 3431
36 3431
47 3431
35 2923
34 2923
12 2923
37 3239
36 3239
19 3239
49 7903
48 7903
22 7903
34 2622
33 2622
5 2622
44 5777
43 5777
7 5777
37 3321
36 3321
7 3321
28 1404
27 1404
41 1404
36 2972
35 2972
29 2972
50 8747
49 8747
29 8747
50 8237
49 8237
22 8237
40 4271
39 4271
42 4271
20 504
19 504
12 504
42 5101
41 5101
12 5101
43 5433
42 5433
7 5433
27 1277
26 1277
17 1277
50 8645
49 8645
6 8645
37 3324
36 3324
35 3324
39 3889
38 3889
18 3889
43 5243
42 5243
24 5243
49 7961
48 7961
30 7961
38 3581
37 3581
49 3581
41 4619
40 4619
29 4619
46 6477
45 6477
44 6477
39 4025
38 4025
35 4025
45 6134
44 6134
37 6134
36 3179
35 3179
16 3179
50 8697
49 8697
21 8697
25 1051
24 1051
27 1051
23 763
22 763
6 763
34 2471
33 2471
36 2471
44 5652
43 5652
24 5652
50 8850
49 8850
6 8850
49 8000
48 8000
52 8000
43 5411
42 5411
43 5411
46 6626
45 6626
28 6626
48 7764
47 7764
19 7764
43 5517
42 5517
36 5517
52 9764
51 9764
25 9764
38 3801
37 3801
19 3801
52 9990
51 9990
14 9990
38 3604
37 3604
27 3604
33 2416
32 2416
23 2416
28 1406
27 1406
5 1406
46 6557
45 6557
47 6557
48 7355
47 7355
30 7355
46 6539
45 6539
3 6539
38 3637
37 3637
21 3637
49 8254
48 8254
8 8254
52 9736
51 9736
6 9736
39 4107
38 4107
4 4107
43 5332
42 5332
8 5332
35 2766
34 2766
50 2766
49 8159
48 8159
40 8159
52 9652
51 9652
22 9652
31 1968
30 1968
12 1968
52 9905
51 9905
50 9905
27 1269
26 1269
41 1269
50 8460
49 8460
47 8460
34 2638
33 2638
30 2638
52 9806
51 9806
16 9806
32 2159
31 2159
30 2159
41 4423
40 4423
2 4423
45 5906
44 5906
2 5906
50 8505
49 8505
23 8505
48 7875
47 7875
5 7875
52 9755
51 9755
15 9755
52 9458
51 9458
18 9458
26 1111
25 1111
30 1111
42 4997
41 4997
17 4997
12 76
11 76
44 76
34 2483
33 2483
22 2483
49 7964
48 7964
27 7964
53 9930
52 9930
5 9930
44 5583
43 5583
13 5583
48 7657
47 7657
4 7657
46 6671
45 6671
3 6671
49 8151
48 8151
21 8151
28 1338
27 1338
27 1338
52 9546
51 9546
5 9546
50 8836
49 8836
51 8836
50 8433
49 8433
45 8433
31 1986
30 1986
11 1986
47 7147
46 7147
49 7147
35 2927
34 2927
31 2927
43 5310
42 5310
52 5310
51 9323
50 9323
47 9323
45 6305
44 6305
6 6305
52 9399
51 9399
26 9399
29 1649
28 1649
10 1649
23 714
22 714
32 714
25 1088
24 1088
4 1088
22 607
21 607
19 607
45 6417
44 6417
32 6417
46 6565
45 6565
5 6565
42 5166
41 5166
45 5166
45 5885
44 5885
32 5885
17 258
16 258
7 258
46 6528
45 6528
5 6528
28 1376
27 1376
13 1376
47 7143
46 7143
6 7143
46 6618
45 6618
32 6618
32 2049
31 2049
4 2049
33 2378
32 2378
10 2378
36 3056
35 3056
5 3056
46 6636
45 6636
24 6636
49 7836
48 7836
40 7836
13 114
12 114
5 114
45 6254
44 6254
32 6254
41 4767
40 4767
1 4767
48 7638
47 7638
52 7638
34 2669
33 2669
50 2669
50 8646
49 8646
42 8646
52 9399
51 9399
46 9399
53 9925
52 9925
28 9925
47 7151
46 7151
47 7151
40 4350
39 4350
6 4350
50 8473
49 8473
9 8473
41 4782
40 4782
34 4782
49 8142
48 8142
52 8142
47 7337
46 7337
11 7337
49 8059
48 8059
40 8059
50 8709
49 8709
49 8709
42 4847
41 4847
3 4847
33 2381
32 2381
2 2381
32 2224
31 2224
42 2224
42 4943
41 4943
45 4943
29 1527
28 1527
21 1527
50 8495
49 8495
46 8495
41 4655
40 4655
18 4655
44 5698
43 5698
39 5698
50 8778
49 8778
50 8778
52 9908
51 9908
19 9908
33 2300
32 2300
52 2300
38 3650
37 3650
41 3650
44 5582
43 5582
12 5582
45 6097
44 6097
49 6097
50 8620
49 8620
13 8620
39 3925
38 3925
35 3925
43 5240
42 5240
7 5240
47 7050
46 7050
6 7050
49 8133
48 8133
30 8133
17 319
16 319
19 319
43 5388
42 5388
13 5388
44 5558
43 5558
47 5558
13 122
12 122
8 122
48 7766
47 7766
17 7766
29 1456
28 1456
10 1456
50 8377
49 8377
33 8377
51 8882
50 8882
16 8882
49 8046
48 8046
26 8046
49 8009
48 8009
36 8009
50 8696
49 8696
29 8696
48 7585
47 7585
3 7585
45 6413
44 6413
19 6413
45 5963
44 5963
27 5963
38 3591
37 3591
11 3591
51 8860
50 8860
50 8860
45 5911
44 5911
38 5911
42 4876
41 4876
10 4876
38 3677
37 3677
33 3677
43 5545
42 5545
46 5545
22 609
21 609
3 609
49 7937
48 7937
3 7937
41 4782
40 4782
32 4782
29 1531
28 1531
41 1531
46 6817
45 6817
15 6817
37 3471
36 3471
18 3471
34 2590
33 2590
21 2590
29 1593
28 1593
10 1593
32 2172
31 2172
40 2172
51 8954
50 8954
17 8954
49 8132
48 8132
25 8132
44 5623
43 5623
36 5623
40 4181
39 4181
6 4181
38 3736
37 3736
24 3736
33 2371
32 2371
25 2371
40 4458
39 4458
34 4458
31 1956
30 1956
47 1956
40 4254
39 4254
6 4254
45 6274
44 6274
13 6274
48 7816
47 7816
3 7816
39 3883
38 3883
38 3883
45 6352
44 6352
48 6352
51 9140
50 9140
47 9140
14 180
13 180
39 180
48 7874
47 7874
30 7874
50 8612
49 8612
33 8612
50 8607
49 8607
37 8607
47 7221
46 7221
38 7221
42 5211
41 5211
52 5211
46 6703
45 6703
31 6703
34 2552
33 2552
1 2552
40 4351
39 4351
11 4351
48 7725
47 7725
15 7725
52 9542
51 9542
22 9542
45 6181
44 6181
51 6181
30 1719
29 1719
10 1719
52 9629
51 9629
14 9629
14 157
13 157
25 157
36 3001
35 3001
51 3001
50 8643
49 8643
28 8643
46 6671
45 6671
46 6671
24 906
23 906
9 906
35 2778
34 2778
5 2778
46 6678
45 6678
47 6678
51 8952
50 8952
43 8952
10 49
9 49
28 49
27 1261
26 1261
23 1261
25 951
24 951
2 951
50 8430
49 8430
50 8430
39 3993
38 3993
3 3993
41 4503
40 4503
35 4503
33 2346
32 2346
27 2346
33 2406
32 2406
40 2406
22 661
21 661
22 661
25 989
24 989
27 989
49 8228
48 8228
39 8228
28 1412
27 1412
39 1412
51 9178
50 9178
43 9178
33 2436
32 2436
47 2436
21 571
20 571
44 571
44 5549
43 5549
19 5549
39 3967
38 3967
34 3967
17 289
16 289
39 289
45 6019
44 6019
9 6019
34 2583
33 2583
1 2583
13 119
12 119
17 119
17 281
16 281
19 281
47 7200
46 7200
25 7200
21 518
20 518
15 518
46 6616
45 6616
5 6616
52 9920
51 9920
13 9920
38 3545
37 3545
4 3545
23 783
22 783
45 783
16 214
15 214
2 214
33 2285
32 2285
22 2285
18 307
17 307
15 307
52 9976
51 9976
8 9976
36 3047
35 3047
5 3047
39 3812
38 3812
11 3812
50 8593
49 8593
42 8593
50 8422
49 8422
2 8422
52 9536
51 9536
33 9536
52 9466
51 9466
21 9466
8 26
7 26
24 26
47 7181
46 7181
19 7181
40 4182
39 4182
29 4182
40 4179
39 4179
36 4179
47 6994
46 6994
21 6994
30 1794
29 1794
16 1794
45 6333
44 6333
14 6333
40 4246
39 4246
31 4246
32 2062
31 2062
50 2062
47 7147
46 7147
39 7147
51 9291
50 9291
30 9291
44 5862
43 5862
17 5862
46 6643
45 6643
45 6643
35 2925
34 2925
19 2925
53 9973
52 9973
14 9973
52 9498
51 9498
44 9498
33 2407
32 2407
49 2407
47 6908
46 6908
40 6908
52 9296
51 9296
38 9296
41 4581
40 4581
21 4581
23 717
22 717
48 717
52 9613
51 9613
28 9613
50 8544
49 8544
15 8544
48 7325
47 7325
32 7325
29 1660
28 1660
20 1660
52 9590
51 9590
50 9590
33 2235
32 2235
12 2235
41 4664
40 4664
44 4664
50 8520
49 8520
40 8520
51 9019
50 9019
43 9019
19 373
18 373
48 373
35 2793
34 2793
8 2793
49 7878
48 7878
19 7878
49 7953
48 7953
18 7953
38 3700
37 3700
40 3700
11 54
10 54
38 54
45 6220
44 6220
52 6220
35 2830
34 2830
14 2830
33 2349
32 2349
10 2349
48 7396
47 7396
43 7396
23 766
22 766
46 766
51 9111
50 9111
23 9111
50 8645
49 8645
47 8645
46 6377
45 6377
36 6377
38 3713
37 3713
45 3713
22 592
21 592
11 592
43 5537
42 5537
3 5537
45 6264
44 6264
38 6264
29 1562
28 1562
2 1562
38 3774
37 3774
38 3774
50 8293
49 8293
48 8293
38 3607
37 3607
41 3607
33 2334
32 2334
13 2334
50 8375
49 8375
17 8375
51 9222
50 9222
2 9222
50 8635
49 8635
23 8635
44 5762
43 5762
33 5762
42 5088
41 5088
46 5088
47 7179
46 7179
39 7179
44 5721
43 5721
26 5721
41 4780
40 4780
19 4780
48 7356
47 7356
17 7356
50 8727
49 8727
24 8727
19 405
18 405
9 405
48 7472
47 7472
6 7472
40 4179
39 4179
11 4179
26 1120
25 1120
17 1120
38 3670
37 3670
45 3670
38 3699
37 3699
52 3699
48 7639
47 7639
21 7639
44 5723
43 5723
31 5723
48 7408
47 7408
5 7408
34 2539
33 2539
38 2539
39 4031
38 4031
29 4031
45 6124
44 6124
21 6124
30 1816
29 1816
8 1816
49 7915
48 7915
14 7915
39 3840
38 3840
8 3840
37 3257
36 3257
45 3257
41 4419
40 4419
25 4419
40 4154
39 4154
51 4154
43 5518
42 5518
9 5518
53 9863
52 9863
3 9863
52 9717
51 9717
15 9717
45 6364
44 6364
12 6364
51 9039
50 9039
39 9039
44 5706
43 5706
18 5706
41 4597
40 4597
16 4597
41 4614
40 4614
20 4614
42 5239
41 5239
30 5239
44 5688
43 5688
27 5688
44 5894
43 5894
48 5894
23 749
22 749
6 749
40 4299
39 4299
40 4299
32 2070
31 2070
9 2070
42 4959
41 4959
34 4959
36 3127
35 3127
34 3127
31 1905
30 1905
29 1905
15 152
14 152
6 152
46 6659
45 6659
29 6659
33 2263
32 2263
49 2263
37 3261
36 3261
42 3261
51 8837
50 8837
50 8837
38 3737
37 3737
40 3737
5 4
4 4
48 4
37 3413
36 3413
24 3413
27 1344
26 1344
19 1344
39 3972
38 3972
42 3972
36 3107
35 3107
16 3107
49 7885
48 7885
13 7885
45 6286
44 6286
37 6286
43 5403
42 5403
40 5403
51 8935
50 8935
2 8935
50 8699
49 8699
17 8699
31 2053
30 2053
23 2053
40 4305
39 4305
45 4305
29 1526
28 1526
3 1526
41 4803
40 4803
18 4803
42 5035
41 5035
51 5035
38 3548
37 3548
5 3548
21 518
20 518
32 518
46 6651
45 6651
52 6651
47 7410
46 7410
17 7410
25 977
24 977
52 977
30 1787
29 1787
51 1787
34 2535
33 2535
40 2535
47 7266
46 7266
14 7266
44 5861
43 5861
8 5861
42 5082
41 5082
39 5082
20 428
19 428
27 428
39 4110
38 4110
25 4110
39 4126
38 4126
26 4126
48 7689
47 7689
43 7689
36 3104
35 3104
3 3104
48 7772
47 7772
33 7772
44 5871
43 5871
23 5871
33 2331
32 2331
38 2331
50 8344
49 8344
16 8344
37 3296
36 3296
47 3296
25 1054
24 1054
52 1054
53 9895
52 9895
19 9895
44 6007
43 6007
12 6007
43 5376
42 5376
29 5376
36 3312
35 3312
9 3312
23 769
22 769
34 769
48 7445
47 7445
30 7445
20 449
19 449
52 449
52 9737
51 9737
1 9737
42 4798
41 4798
32 4798
34 2532
33 2532
30 2532
45 6296
44 6296
32 6296
50 8528
49 8528
7 8528
47 7236
46 7236
9 7236
19 380
18 380
2 380
50 8505
49 8505
27 8505
31 1897
30 1897
37 1897
42 4918
41 4918
44 4918
44 5663
43 5663
5 5663
44 5627
43 5627
29 5627
47 7113
46 7113
44 7113
52 9867
51 9867
34 9867
19 404
18 404
43 404
50 8944
49 8944
12 8944
49 8037
48 8037
16 8037
50 8647
49 8647
42 8647
40 4256
39 4256
17 4256
51 8864
50 8864
9 8864
44 5905
43 5905
28 5905
48 7759
47 7759
14 7759
24 887
23 887
49 887
22 702
21 702
4 702
50 8372
49 8372
11 8372
43 5449
42 5449
43 5449
51 9023
50 9023
51 9023
46 6656
45 6656
23 6656
33 2306
32 2306
47 2306
41 4888
40 4888
31 4888
29 1579
28 1579
9 1579
29 1498
28 1498
42 1498
42 4911
41 4911
21 4911
52 9747
51 9747
21 9747
31 1971
30 1971
30 1971
39 3811
38 3811
47 3811
53 9986
52 9986
2 9986
42 5214
41 5214
7 5214
49 8058
48 8058
41 8058
39 4030
38 4030
10 4030
40 4334
39 4334
10 4334
51 9038
50 9038
27 9038
34 2661
33 2661
7 2661
36 3024
35 3024
9 3024
47 7337
46 7337
44 7337
32 2121
31 2121
5 2121
50 8730
49 8730
31 8730
42 5104
41 5104
1 5104
26 1161
25 1161
3 1161
32 2194
31 2194
38 2194
50 8573
49 8573
13 8573
39 3793
38 3793
30 3793
51 8961
50 8961
13 8961
45 6112
44 6112
38 6112
47 7172
46 7172
51 7172
28 1289
27 1289
22 1289
51 9031
50 9031
47 9031
51 8855
50 8855
8 8855
26 1091
25 1091
20 1091
33 2396
32 2396
37 2396
46 6913
45 6913
26 6913
40 4284
39 4284
52 4284
48 7439
47 7439
48 7439
46 6656
45 6656
9 6656
35 2850
34 2850
27 2850
35 2805
34 2805
31 2805
51 9390
50 9390
28 9390
50 8826
49 8826
23 8826
41 4576
40 4576
18 4576
40 4485
39 4485
14 4485
47 7157
46 7157
46 7157
40 4223
39 4223
51 4223
30 1696
29 1696
33 1696
49 8099
48 8099
51 8099
51 8968
50 8968
42 8968
50 8723
49 8723
50 8723
43 5319
42 5319
29 5319
48 7651
47 7651
25 7651
52 9500
51 9500
25 9500
46 6652
45 6652
46 6652
31 1930
30 1930
19 1930
50 8299
49 8299
50 8299
30 1751
29 1751
25 1751
52 9791
51 9791
4 9791
52 9694
51 9694
12 9694
41 4558
40 4558
40 4558
44 5533
43 5533
26 5533
13 96
12 96
17 96
49 7864
48 7864
4 7864
45 6323
44 6323
22 6323
30 1780
29 1780
29 1780
50 8517
49 8517
17 8517
25 956
24 956
34 956
35 2877
34 2877
11 2877
31 2080
30 2080
48 2080
31 1907
30 1907
9 1907
45 6097
44 6097
45 6097
21 548
20 548
39 548
50 8423
49 8423
51 8423
28 1375
27 1375
43 1375
41 4507
40 4507
43 4507
47 6794
46 6794
18 6794
15 189
14 189
39 189
43 5405
42 5405
36 5405
29 1487
28 1487
45 1487
42 4853
41 4853
35 4853
48 7591
47 7591
14 7591
49 8051
48 8051
24 8051
44 5553
43 5553
40 5553
50 8523
49 8523
46 8523
37 3339
36 3339
12 3339
36 3110
35 3110
17 3110
15 152
14 152
48 152
52 9664
51 9664
36 9664
44 5902
43 5902
38 5902
52 9594
51 9594
31 9594
16 264
15 264
7 264
34 2537
33 2537
34 2537
52 9364
51 9364
6 9364
44 5653
43 5653
40 5653
39 4005
38 4005
47 4005
18 331
17 331
25 331
40 4434
39 4434
52 4434
43 5484
42 5484
29 5484
41 4581
40 4581
23 4581
48 7644
47 7644
35 7644
41 4638
40 4638
29 4638
36 2995
35 2995
10 2995
19 398
18 398
4 398
50 8783
49 8783
11 8783
51 8988
50 8988
43 8988
44 5872
43 5872
17 5872
34 2547
33 2547
49 2547
37 3499
36 3499
47 3499
49 7970
48 7970
34 7970
41 4520
40 4520
30 4520
50 8427
49 8427
42 8427
28 1316
27 1316
21 1316
36 3172
35 3172
11 3172
32 2064
31 2064
31 2064
41 4633
40 4633
3 4633
49 8128
48 8128
8 8128
21 536
20 536
39 536
20 476
19 476
5 476
35 2947
34 2947
46 2947
36 3154
35 3154
19 3154
50 8754
49 8754
4 8754
36 3138
35 3138
28 3138
34 2654
33 2654
28 2654
33 2273
32 2273
2 2273
39 3863
38 3863
15 3863
37 3431
36 3431
21 3431
20 495
19 495
42 495
49 8081
48 8081
42 8081
42 5117
41 5117
11 5117
38 3647
37 3647
42 3647
52 9435
51 9435
44 9435
48 7735
47 7735
35 7735
52 9449
51 9449
27 9449
46 6576
45 6576
40 6576
39 3879
38 3879
1 3879
51 9032
50 9032
52 9032
42 5151
41 5151
43 5151
50 8639
49 8639
32 8639
51 8920
50 8920
24 8920
25 938
24 938
25 938
27 1252
26 1252
5 1252
45 6496
44 6496
2 6496
50 8787
49 8787
47 8787
25 1040
24 1040
20 1040
29 1582
28 1582
21 1582
35 2762
34 2762
7 2762
32 2045
31 2045
47 2045
51 8833
50 8833
40 8833
50 8465
49 8465
52 8465
46 6864
45 6864
33 6864
25 987
24 987
13 987
35 2849
34 2849
35 2849
19 435
18 435
20 435
51 9271
50 9271
41 9271
50 8418
49 8418
38 8418
44 5446
43 5446
14 5446
52 9592
51 9592
25 9592
48 7685
47 7685
15 7685
26 1207
25 1207
10 1207
34 2515
33 2515
7 2515
34 2629
33 2629
48 2629
46 6975
45 6975
21 6975
47 7150
46 7150
35 7150
47 7135
46 7135
13 7135
47 6880
46 6880
2 6880
51 8954
50 8954
27 8954
51 9118
50 9118
22 9118
18 318
17 318
19 318
51 9310
50 9310
21 9310
31 1899
30 1899
51 1899
26 1067
25 1067
44 1067
41 4549
40 4549
40 4549
41 4515
40 4515
5 4515
43 5430
42 5430
26 5430
50 8521
49 8521
42 8521
50 8617
49 8617
7 8617
44 5892
43 5892
52 5892
36 3040
35 3040
40 3040
44 5743
43 5743
37 5743
48 7472
47 7472
24 7472
45 6359
44 6359
30 6359
32 2160
31 2160
47 2160
31 2016
30 2016
29 2016
40 4174
39 4174
48 4174
40 4145
39 4145
28 4145
26 1081
25 1081
31 1081
45 6387
44 6387
44 6387
52 9383
51 9383
28 9383
42 5029
41 5029
19 5029
42 4897
41 4897
26 4897
48 7307
47 7307
39 7307
50 8627
49 8627
29 8627
43 5531
42 5531
33 5531
46 6397
45 6397
44 6397
22 606
21 606
39 606
47 7172
46 7172
52 7172
24 901
23 901
42 901
32 2097
31 2097
35 2097
21 562
20 562
29 562
52 9553
51 9553
6 9553
42 5194
41 5194
12 5194
44 5763
43 5763
52 5763
39 4042
38 4042
13 4042
49 8013
48 8013
32 8013
15 175
14 175
47 175
39 3976
38 3976
3 3976
49 8124
48 8124
2 8124
10 63
9 63
12 63
48 7464
47 7464
52 7464
50 8516
49 8516
6 8516
36 2957
35 2957
23 2957
26 1099
25 1099
13 1099
37 3275
36 3275
20 3275
52 9325
51 9325
45 9325
32 2226
31 2226
10 2226
34 2631
33 2631
34 2631
47 6843
46 6843
29 6843
40 4248
39 4248
42 4248
27 1328
26 1328
36 1328
42 4950
41 4950
14 4950
52 9296
51 9296
51 9296
40 4282
39 4282
50 4282
38 3660
37 3660
41 3660
38 3535
37 3535
36 3535
40 4333
39 4333
8 4333
36 3223
35 3223
29 3223
49 7851
48 7851
20 7851
50 8758
49 8758
44 8758
42 5047
41 5047
12 5047
47 7381
46 7381
24 7381
52 9682
51 9682
36 9682
44 5792
43 5792
43 5792
47 6932
46 6932
16 6932
29 1529
28 1529
26 1529
41 4598
40 4598
23 4598
43 5491
42 5491
25 5491
50 8328
49 8328
37 8328
49 8023
48 8023
5 8023
46 6716
45 6716
10 6716
45 6386
44 6386
5 6386
21 553
20 553
45 553
15 181
14 181
9 181
52 9545
51 9545
22 9545
26 1124
25 1124
31 1124
52 9723
51 9723
28 9723
35 2856
34 2856
49 2856
52 9633
51 9633
16 9633
44 5917
43 5917
21 5917
47 7251
46 7251
35 7251
49 7652
48 7652
2 7652
40 4379
39 4379
12 4379
20 434
19 434
50 434
45 5959
44 5959
24 5959
51 9344
50 9344
15 9344
50 8683
49 8683
45 8683
38 3721
37 3721
48 3721
45 6236
44 6236
23 6236
16 206
15 206
34 206
23 757
22 757
34 757
31 2053
30 2053
12 2053
48 7430
47 7430
6 7430
41 4710
40 4710
34 4710
28 1488
27 1488
33 1488
34 2477
33 2477
16 2477
51 9450
50 9450
24 9450
51 8939
50 8939
24 8939
26 1055
25 1055
51 1055
32 2117
31 2117
47 2117
31 1886
30 1886
13 1886
34 2595
33 2595
21 2595
40 4345
39 4345
32 4345
50 8690
49 8690
12 8690
15 166
14 166
11 166
43 5571
42 5571
17 5571
32 2289
31 2289
39 2289
45 6362
44 6362
51 6362
46 6488
45 6488
37 6488
50 8591
49 8591
41 8591
40 4238
39 4238
11 4238
34 2496
33 2496
40 2496
45 6120
44 6120
7 6120
40 4525
39 4525
8 4525
50 8851
49 8851
6 8851
40 4187
39 4187
42 4187
32 2220
31 2220
14 2220
51 8898
50 8898
28 8898
43 5302
42 5302
49 5302
35 2815
34 2815
1 2815
28 1352
27 1352
16 1352
38 3635
37 3635
21 3635
45 6124
44 6124
41 6124
31 1841
30 1841
14 1841
40 4130
39 4130
5 4130
39 4084
38 4084
30 4084
11 58
10 58
18 58
46 6567
45 6567
42 6567
32 2030
31 2030
50 2030
48 7483
47 7483
52 7483
51 9126
50 9126
23 9126
19 420
18 420
34 420
47 7009
46 7009
37 7009
20 428
19 428
9 428
32 2131
31 2131
43 2131
49 7823
48 7823
4 7823
24 849
23 849
22 849
30 1806
29 1806
42 1806
38 3783
37 3783
28 3783
36 3244
35 3244
19 3244
51 9074
50 9074
10 9074
43 5284
42 5284
19 5284
52 9783
51 9783
31 9783
50 8593
49 8593
29 8593
40 4218
39 4218
19 4218
21 515
20 515
2 515
13 120
12 120
5 120
50 8481
49 8481
8 8481
34 2589
33 2589
13 2589
43 5410
42 5410
35 5410
8 30
7 30
46 30
35 2771
34 2771
3 2771
48 7313
47 7313
17 7313
46 6516
45 6516
24 6516
50 8928
49 8928
20 8928
36 3131
35 3131
45 3131
45 6234
44 6234
49 6234
28 1503
27 1503
46 1503
40 4386
39 4386
33 4386
48 7550
47 7550
42 7550
10 46
9 46
17 46
41 4567
40 4567
41 4567
19 441
18 441
24 441
37 3249
36 3249
42 3249
43 5537
42 5537
18 5537
43 5315
42 5315
38 5315
50 8634
49 8634
51 8634
29 1641
28 1641
4 1641
35 2793
34 2793
2 2793
51 8918
50 8918
36 8918
32 2025
31 2025
18 2025
49 7948
48 7948
20 7948
48 7466
47 7466
33 7466
30 1701
29 1701
6 1701
46 6749
45 6749
16 6749
46 6766
45 6766
3 6766
38 3705
37 3705
4 3705
25 935
24 935
13 935
49 8201
48 8201
48 8201
43 5540
42 5540
18 5540
52 9692
51 9692
33 9692
33 2351
32 2351
35 2351
51 9332
50 9332
4 9332
31 1891
30 1891
14 1891
52 9975
51 9975
40 9975
49 8258
48 8258
45 8258
42 4769
41 4769
45 4769
19 433
18 433
17 433
50 8368
49 8368
14 8368
48 7415
47 7415
43 7415
39 4039
38 4039
16 4039
16 209
15 209
42 209
49 7979
48 7979
1 7979
52 9937
51 9937
26 9937
45 6073
44 6073
50 6073
52 9802
51 9802
3 9802
24 830
23 830
41 830
33 2294
32 2294
49 2294
44 5821
43 5821
51 5821
12 80
11 80
14 80
50 8589
49 8589
15 8589
36 3178
35 3178
19 3178
40 4377
39 4377
34 4377
40 4281
39 4281
30 4281
37 3294
36 3294
37 3294
50 8468
49 8468
13 8468
46 6416
45 6416
30 6416
51 8984
50 8984
46 8984
35 2725
34 2725
47 2725
29 1495
28 1495
13 1495
40 4120
39 4120
37 4120
23 740
22 740
14 740
52 9304
51 9304
10 9304
43 5384
42 5384
32 5384
50 8678
49 8678
48 8678
39 3857
38 3857
43 3857
42 4891
41 4891
39 4891
48 7454
47 7454
6 7454
45 6095
44 6095
11 6095
37 3236
36 3236
9 3236
27 1267
26 1267
20 1267
42 5036
41 5036
9 5036
48 7720
47 7720
1 7720
51 9042
50 9042
47 9042
46 6566
45 6566
10 6566
27 1288
26 1288
37 1288
32 2230
31 2230
21 2230
41 4609
40 4609
49 4609
21 600
20 600
28 600
49 7894
48 7894
12 7894
43 5550
42 5550
1 5550
39 3748
38 3748
49 3748
40 4335
39 4335
17 4335
46 6636
45 6636
27 6636
52 9573
51 9573
50 9573
46 6626
45 6626
38 6626
51 9039
50 9039
17 9039
36 3007
35 3007
6 3007
52 9392
51 9392
1 9392
41 4655
40 4655
22 4655
51 9214
50 9214
50 9214
50 8276
49 8276
6 8276
51 9236
50 9236
6 9236
48 7393
47 7393
46 7393
45 6016
44 6016
20 6016
27 1343
26 1343
18 1343
52 9862
51 9862
20 9862
47 6971
46 6971
28 6971
50 8427
49 8427
28 8427
47 7366
46 7366
36 7366
49 8314
48 8314
14 8314
50 8804
49 8804
51 8804
50 8419
49 8419
19 8419
50 8414
49 8414
24 8414
29 1495
28 1495
50 1495
31 1984
30 1984
42 1984
46 6749
45 6749
23 6749
48 7451
47 7451
5 7451
19 401
18 401
5 401
50 8580
49 8580
44 8580
20 447
19 447
29 447
26 1139
25 1139
20 1139
44 5804
43 5804
4 5804
32 2117
31 2117
28 2117
23 718
22 718
52 718
41 4763
40 4763
35 4763
51 9103
50 9103
23 9103
44 5689
43 5689
42 5689
47 6830
46 6830
7 6830
47 7192
46 7192
47 7192
37 3325
36 3325
49 3325
35 2756
34 2756
15 2756
26 1044
25 1044
14 1044
31 1982
30 1982
4 1982
41 4589
40 4589
29 4589
30 1851
29 1851
44 1851
39 3942
38 3942
35 3942
44 5747
43 5747
52 5747
49 7778
48 7778
21 7778
39 3987
38 3987
30 3987
32 2088
31 2088
1 2088
49 8027
48 8027
4 8027
49 8290
48 8290
18 8290
34 2657
33 2657
10 2657
30 1744
29 1744
28 1744
39 4125
38 4125
48 4125
46 6659
45 6659
33 6659
29 1563
28 1563
25 1563
52 9954
51 9954
42 9954
23 780
22 780
41 780
36 3176
35 3176
14 3176
44 5828
43 5828
32 5828
49 8067
48 8067
2 8067
44 5661
43 5661
10 5661
38 3687
37 3687
19 3687
48 7795
47 7795
13 7795
24 873
23 873
28 873
48 7751
47 7751
29 7751
39 3973
38 3973
30 3973
22 605
21 605
39 605
49 8185
48 8185
50 8185
20 525
19 525
18 525
20 487
19 487
30 487
39 3925
38 3925
37 3925
26 1031
25 1031
35 1031
30 1669
29 1669
20 1669
39 3890
38 3890
32 3890
30 1825
29 1825
10 1825
47 7128
46 7128
39 7128
39 3843
38 3843
20 3843
45 6091
44 6091
51 6091
38 3527
37 3527
37 3527
35 2802
34 2802
20 2802
19 382
18 382
36 382
39 3975
38 3975
43 3975
32 2155
31 2155
22 2155
45 6073
44 6073
37 6073
41 4729
40 4729
29 4729
23 683
22 683
44 683
41 4722
40 4722
9 4722
42 4995
41 4995
26 4995
36 3177
35 3177
51 3177
27 1292
26 1292
20 1292
52 9426
51 9426
29 9426
21 548
20 548
24 548
18 325
17 325
20 325
7 15
6 15
44 15
40 4430
39 4430
42 4430
39 3906
38 3906
13 3906
47 7216
46 7216
40 7216
51 9321
50 9321
45 9321
27 1309
26 1309
21 1309
37 3345
36 3345
5 3345
42 4831
41 4831
49 4831
31 1838
30 1838
4 1838
19 403
18 403
28 403
50 8711
49 8711
42 8711
32 1993
31 1993
44 1993
52 9333
51 9333
9 9333
45 6181
44 6181
10 6181
33 2264
32 2264
35 2264
40 4321
39 4321
1 4321
32 2130
31 2130
42 2130
43 5449
42 5449
41 5449
52 9561
51 9561
28 9561
40 4333
39 4333
10 4333
50 8473
49 8473
17 8473
53 9970
52 9970
26 9970
41 4704
40 4704
19 4704
30 1826
29 1826
7 1826
27 1169
26 1169
44 1169
51 8967
50 8967
51 8967
47 7266
46 7266
51 7266
47 7108
46 7108
6 7108
45 6077
44 6077
11 6077
13 140
12 140
19 140
48 7634
47 7634
20 7634
46 6873
45 6873
7 6873
26 1092
25 1092
30 1092
27 1270
26 1270
17 1270
39 3960
38 3960
43 3960
43 5461
42 5461
24 5461
29 1577
28 1577
29 1577
17 251
16 251
21 251
49 8326
48 8326
38 8326
25 1071
24 1071
50 1071
40 4338
39 4338
27 4338
49 8030
48 8030
39 8030
22 628
21 628
17 628
47 6938
46 6938
45 6938
38 3637
37 3637
11 3637
52 9494
51 9494
10 9494
47 7220
46 7220
9 7220
45 6284
44 6284
35 6284
6 5
5 5
19 5
50 8471
49 8471
26 8471
50 8557
49 8557
4 8557
50 8569
49 8569
12 8569
51 8952
50 8952
39 8952
52 9702
51 9702
12 9702
46 6436
45 6436
10 6436
53 9927
52 9927
10 9927
26 1091
25 1091
10 1091
37 3273
36 3273
1 3273
48 7693
47 7693
36 7693
37 3531
36 3531
9 3531
37 3371
36 3371
3 3371
26 1108
25 1108
18 1108
42 5117
41 5117
8 5117
49 8250
48 8250
48 8250
44 5894
43 5894
33 5894
44 5659
43 5659
29 5659
46 6586
45 6586
34 6586
32 2056
31 2056
45 2056
34 2551
33 2551
23 2551
48 7605
47 7605
17 7605
50 8425
49 8425
20 8425
44 5659
43 5659
7 5659
41 4612
40 4612
11 4612
44 5623
43 5623
20 5623
23 734
22 734
33 734
43 5432
42 5432
39 5432
39 3985
38 3985
17 3985
52 9556
51 9556
12 9556
43 5374
42 5374
8 5374
40 4339
39 4339
42 4339
48 7509
47 7509
40 7509
16 275
15 275
32 275
48 7535
47 7535
34 7535
52 9267
51 9267
28 9267
41 4660
40 4660
31 4660
26 1224
25 1224
39 1224
51 9221
50 9221
42 9221
48 7466
47 7466
14 7466
47 6963
46 6963
20 6963
50 8552
49 8552
17 8552
24 837
23 837
47 837
52 9808
51 9808
14 9808
52 9639
51 9639
40 9639
37 3576
36 3576
6 3576
48 7413
47 7413
38 7413
32 2056
31 2056
5 2056
17 260
16 260
12 260
24 829
23 829
45 829
30 1850
29 1850
22 1850
44 5528
43 5528
15 5528
37 3345
36 3345
13 3345
37 3373
36 3373
14 3373
51 9064
50 9064
6 9064
33 2421
32 2421
38 2421
51 8946
50 8946
44 8946
47 6956
46 6956
42 6956
51 9332
50 9332
31 9332
25 899
24 899
50 899
40 4331
39 4331
33 4331
30 1647
29 1647
2 1647
47 6980
46 6980
44 6980
39 4072
38 4072
21 4072
30 1667
29 1667
38 1667
43 5275
42 5275
7 5275
21 509
20 509
40 509
43 5321
42 5321
28 5321
39 3933
38 3933
16 3933
24 902
23 902
43 902
48 7363
47 7363
23 7363
50 8378
49 8378
3 8378
21 576
20 576
40 576
50 8563
49 8563
5 8563
35 2891
34 2891
51 2891
50 8306
49 8306
52 8306
49 7775
48 7775
11 7775
44 5929
43 5929
7 5929
37 3386
36 3386
48 3386
42 4963
41 4963
47 4963
40 4064
39 4064
21 4064
51 8956
50 8956
11 8956
52 9495
51 9495
35 9495
42 5061
41 5061
34 5061
25 1000
24 1000
8 1000
50 8418
49 8418
44 8418
36 3220
35 3220
46 3220
46 6603
45 6603
18 6603
48 7645
47 7645
45 7645
30 1662
29 1662
37 1662
53 9992
52 9992
1 9992
44 5915
43 5915
23 5915
49 7970
48 7970
45 7970
51 9015
50 9015
34 9015
38 3640
37 3640
29 3640
37 3354
36 3354
14 3354
48 7677
47 7677
25 7677
29 1457
28 1457
4 1457
36 3080
35 3080
32 3080
34 2620
33 2620
17 2620
49 8019
48 8019
42 8019
42 4929
41 4929
47 4929
28 1373
27 1373
10 1373
48 7447
47 7447
49 7447
46 6729
45 6729
8 6729
31 1868
30 1868
22 1868
46 6541
45 6541
32 6541
49 8224
48 8224
7 8224
49 7940
48 7940
22 7940
39 4008
38 4008
21 4008
48 7453
47 7453
39 7453
36 3052
35 3052
18 3052
44 5833
43 5833
3 5833
28 1496
27 1496
41 1496
21 560
20 560
29 560
51 9375
50 9375
26 9375
43 5389
42 5389
25 5389
44 5619
43 5619
32 5619
27 1310
26 1310
31 1310
37 3455
36 3455
26 3455
43 5173
42 5173
28 5173
36 3005
35 3005
33 3005
36 3049
35 3049
28 3049
39 3792
38 3792
36 3792
39 4054
38 4054
39 4054
36 3100
35 3100
26 3100
52 9400
51 9400
39 9400
23 793
22 793
16 793
19 404
18 404
33 404
51 9379
50 9379
41 9379
31 2016
30 2016
32 2016
50 8573
49 8573
32 8573
51 9318
50 9318
9 9318
52 9513
51 9513
13 9513
47 6917
46 6917
25 6917
39 4161
38 4161
24 4161
51 8768
50 8768
10 8768
20 434
19 434
5 434
37 3165
36 3165
18 3165
38 3660
37 3660
30 3660
33 2294
32 2294
22 2294
32 2163
31 2163
24 2163
22 652
21 652
48 652
35 2849
34 2849
47 2849
41 4783
40 4783
1 4783
41 4817
40 4817
17 4817
44 5927
43 5927
12 5927
35 2870
34 2870
47 2870
34 2622
33 2622
2 2622
42 5090
41 5090
4 5090
25 932
24 932
16 932
41 4399
40 4399
20 4399
46 6378
45 6378
32 6378
52 9850
51 9850
42 9850
22 647
21 647
12 647
25 946
24 946
18 946
47 6918
46 6918
22 6918
52 9550
51 9550
12 9550
52 9542
51 9542
46 9542
38 3652
37 3652
43 3652
31 1961
30 1961
39 1961
34 2531
33 2531
27 2531
38 3653
37 3653
2 3653
40 4362
39 4362
19 4362
47 6934
46 6934
1 6934
39 4094
38 4094
36 4094
41 4810
40 4810
1 4810
47 7000
46 7000
20 7000
52 9699
51 9699
48 9699
36 3093
35 3093
24 3093
47 7289
46 7289
4 7289
35 2724
34 2724
15 2724
50 8534
49 8534
19 8534
29 1691
28 1691
12 1691
45 6088
44 6088
5 6088
35 2883
34 2883
12 2883
36 3122
35 3122
9 3122
46 6903
45 6903
2 6903
45 6315
44 6315
32 6315
38 3689
37 3689
21 3689
30 1805
29 1805
40 1805
35 2910
34 2910
25 2910
31 1879
30 1879
35 1879
16 221
15 221
22 221
52 9612
51 9612
29 9612
51 9187
50 9187
16 9187
45 6050
44 6050
26 6050
22 625
21 625
9 625
50 8660
49 8660
1 8660
38 3581
37 3581
34 3581
46 6545
45 6545
34 6545
33 2397
32 2397
31 2397
40 4426
39 4426
25 4426
51 9151
50 9151
26 9151
46 6615
45 6615
24 6615
33 2308
32 2308
40 2308
44 5891
43 5891
29 5891
46 6416
45 6416
16 6416
37 3212
36 3212
26 3212
41 4444
40 4444
25 4444
51 8948
50 8948
48 8948
37 3588
36 3588
28 3588
52 9842
51 9842
4 9842
29 1562
28 1562
13 1562
38 3538
37 3538
45 3538
47 7153
46 7153
13 7153
51 9201
50 9201
12 9201
34 2562
33 2562
46 2562
43 5266
42 5266
6 5266
51 9050
50 9050
27 9050
40 4187
39 4187
41 4187
42 5018
41 5018
28 5018
45 6136
44 6136
32 6136
52 9574
51 9574
47 9574
46 6823
45 6823
50 6823
52 9655
51 9655
42 9655
28 1483
27 1483
27 1483
40 4169
39 4169
23 4169
33 2314
32 2314
40 2314
50 8541
49 8541
9 8541
39 3887
38 3887
46 3887
46 6680
45 6680
18 6680
24 904
23 904
51 904
49 7923
48 7923
23 7923
39 3768
38 3768
44 3768
17 297
16 297
38 297
48 7623
47 7623
28 7623
38 3532
37 3532
49 3532
46 6861
45 6861
3 6861
44 5967
43 5967
32 5967
35 2762
34 2762
52 2762
45 6141
44 6141
3 6141
53 9794
52 9794
28 9794
17 257
16 257
38 257
31 1961
30 1961
1 1961
25 908
24 908
51 908
30 1771
29 1771
8 1771
52 9811
51 9811
11 9811
24 887
23 887
19 887
29 1566
28 1566
2 1566
49 7966
48 7966
8 7966
48 7434
47 7434
30 7434
39 3913
38 3913
31 3913
45 6232
44 6232
36 6232
43 5217
42 5217
32 5217
44 5900
43 5900
51 5900
31 2005
30 2005
3 2005
52 9470
51 9470
22 9470
41 4695
40 4695
2 4695
51 8940
50 8940
26 8940
51 9199
50 9199
47 9199
47 7127
46 7127
6 7127
25 951
24 951
35 951
49 7889
48 7889
10 7889
51 8989
50 8989
21 8989
46 6789
45 6789
29 6789
5 4
4 4
32 4
39 3839
38 3839
35 3839
50 8819
49 8819
44 8819
46 6944
45 6944
52 6944
52 9828
51 9828
30 9828
46 6652
45 6652
26 6652
45 6054
44 6054
51 6054
40 4347
39 4347
22 4347
35 2780
34 2780
42 2780
37 3531
36 3531
32 3531
49 8108
48 8108
27 8108
48 7516
47 7516
47 7516
44 5841
43 5841
36 5841
36 2995
35 2995
6 2995
49 8058
48 8058
19 8058
20 472
19 472
50 472
44 5752
43 5752
6 5752
16 215
15 215
10 215
48 7444
47 7444
46 7444
46 6643
45 6643
33 6643
47 7366
46 7366
13 7366
40 4303
39 4303
31 4303
51 9279
50 9279
29 9279
50 8467
49 8467
32 8467
50 8880
49 8880
6 8880
30 1677
29 1677
11 1677
25 1009
24 1009
31 1009
42 5213
41 5213
1 5213
52 9915
51 9915
30 9915
36 3079
35 3079
20 3079
37 3326
36 3326
19 3326
27 1285
26 1285
32 1285
46 6796
45 6796
38 6796
47 7107
46 7107
29 7107
50 8588
49 8588
38 8588
47 6897
46 6897
51 6897
43 5192
42 5192
38 5192
46 6597
45 6597
13 6597
51 9135
50 9135
3 9135
22 614
21 614
15 614
32 2068
31 2068
12 2068
41 4418
40 4418
12 4418
30 1757
29 1757
37 1757
50 8297
49 8297
48 8297
45 6356
44 6356
13 6356
34 2447
33 2447
26 2447
29 1626
28 1626
1 1626
30 1646
29 1646
19 1646
42 4975
41 4975
26 4975
44 5873
43 5873
18 5873
42 5131
41 5131
50 5131
41 4619
40 4619
19 4619
46 6377
45 6377
48 6377
44 5790
43 5790
20 5790
49 7878
48 7878
39 7878
39 3908
38 3908
2 3908
40 4390
39 4390
35 4390
35 2906
34 2906
5 2906
26 1200
25 1200
13 1200
52 9328
51 9328
44 9328
38 3805
37 3805
50 3805
52 9914
51 9914
14 9914
51 9085
50 9085
3 9085
41 4786
40 4786
8 4786
43 5121
42 5121
20 5121
47 7235
46 7235
52 7235
26 1154
25 1154
8 1154
24 832
23 832
27 832
52 9305
51 9305
47 9305
34 2539
33 2539
5 2539
31 1925
30 1925
17 1925
40 4254
39 4254
24 4254
52 9368
51 9368
44 9368
26 1174
25 1174
20 1174
26 1082
25 1082
41 1082
45 5938
44 5938
29 5938
35 2901
34 2901
11 2901
26 1128
25 1128
47 1128
48 7719
47 7719
23 7719
46 6625
45 6625
18 6625
51 9379
50 9379
23 9379
46 6376
45 6376
24 6376
35 2784
34 2784
51 2784
45 6320
44 6320
45 6320
50 8568
49 8568
47 8568
48 7723
47 7723
50 7723
41 4699
40 4699
35 4699
40 4307
39 4307
30 4307
19 410
18 410
45 410
30 1684
29 1684
12 1684
27 1180
26 1180
19 1180
40 4192
39 4192
32 4192
34 2652
33 2652
22 2652
33 2218
32 2218
22 2218
49 7896
48 7896
40 7896
11 75
10 75
33 75
46 6788
45 6788
27 6788
49 8289
48 8289
48 8289
46 6741
45 6741
4 6741
34 2603
33 2603
9 2603
24 855
23 855
1 855
28 1406
27 1406
1 1406
51 8904
50 8904
51 8904
46 6339
45 6339
10 6339
43 5578
42 5578
44 5578
30 1702
29 1702
9 1702
31 1941
30 1941
42 1941
38 3449
37 3449
44 3449
45 6210
44 6210
10 6210
49 7823
48 7823
17 7823
49 7713
48 7713
3 7713
25 913
24 913
1 913
36 3076
35 3076
16 3076
52 9580
51 9580
26 9580
20 450
19 450
25 450
49 7937
48 7937
41 7937
47 6853
46 6853
35 6853
44 5940
43 5940
38 5940
51 8764
50 8764
20 8764
47 7070
46 7070
19 7070
50 8506
49 8506
40 8506
38 3772
37 3772
4 3772
50 8565
49 8565
46 8565
51 9261
50 9261
33 9261
51 8935
50 8935
12 8935
45 6039
44 6039
34 6039
29 1489
28 1489
2 1489
32 2130
31 2130
26 2130
44 5683
43 5683
31 5683
45 6187
44 6187
30 6187
53 9957
52 9957
24 9957
48 7283
47 7283
27 7283
46 6402
45 6402
39 6402
32 2158
31 2158
35 2158
52 9799
51 9799
30 9799
32 2085
31 2085
29 2085
42 4985
41 4985
33 4985
14 116
13 116
8 116
35 3036
34 3036
40 3036
52 9500
51 9500
32 9500
22 604
21 604
14 604
35 2882
34 2882
28 2882
16 264
15 264
7 264
28 1374
27 1374
1 1374
37 3394
36 3394
39 3394
29 1454
28 1454
14 1454
52 9728
51 9728
12 9728
37 3216
36 3216
42 3216
44 5870
43 5870
25 5870
36 3083
35 3083
50 3083
40 4362
39 4362
25 4362
46 6823
45 6823
20 6823
52 9367
51 9367
28 9367
36 3200
35 3200
49 3200
30 1787
29 1787
47 1787
41 4775
40 4775
39 4775
46 6768
45 6768
38 6768
39 4033
38 4033
24 4033
51 8886
50 8886
5 8886
47 7254
46 7254
33 7254
44 5872
43 5872
20 5872
47 7171
46 7171
44 7171
47 7379
46 7379
6 7379
29 1656
28 1656
51 1656
44 5530
43 5530
35 5530
27 1259
26 1259
42 1259
21 548
20 548
14 548
33 2404
32 2404
41 2404
38 3780
37 3780
28 3780
48 7759
47 7759
31 7759
39 4016
38 4016
7 4016
14 141
13 141
12 141
30 1715
29 1715
11 1715
32 2227
31 2227
24 2227
41 4556
40 4556
8 4556
50 8601
49 8601
15 8601
29 1581
28 1581
35 1581
51 9276
50 9276
35 9276
43 5420
42 5420
9 5420
51 8924
50 8924
12 8924
49 8229
48 8229
7 8229
38 3647
37 3647
51 3647
47 6853
46 6853
44 6853
46 6700
45 6700
39 6700
29 1489
28 1489
5 1489
25 1009
24 1009
23 1009
44 6045
43 6045
36 6045
33 2366
32 2366
39 2366
40 4214
39 4214
34 4214
36 3112
35 3112
26 3112
42 4921
41 4921
13 4921
49 8151
48 8151
13 8151
46 6617
45 6617
43 6617
45 5991
44 5991
19 5991
38 3773
37 3773
36 3773
37 3211
36 3211
51 3211
35 2767
34 2767
48 2767
44 5877
43 5877
10 5877
43 5198
42 5198
27 5198
23 752
22 752
38 752
29 1581
28 1581
23 1581
35 2743
34 2743
3 2743
40 4290
39 4290
2 4290
44 5754
43 5754
2 5754
28 1496
27 1496
30 1496
49 7840
48 7840
25 7840
52 9517
51 9517
31 9517
52 9968
51 9968
29 9968
28 1316
27 1316
52 1316
35 2791
34 2791
40 2791
52 9429
51 9429
34 9429
47 6837
46 6837
31 6837
15 200
14 200
26 200
17 319
16 319
9 319
34 2558
33 2558
24 2558
51 8975
50 8975
50 8975
43 5368
42 5368
19 5368
38 3567
37 3567
45 3567
50 8733
49 8733
6 8733
42 5010
41 5010
47 5010
37 3433
36 3433
34 3433
52 9804
51 9804
10 9804
44 5784
43 5784
34 5784
44 5908
43 5908
14 5908
43 5375
42 5375
30 5375
28 1401
27 1401
35 1401
32 2116
31 2116
48 2116
12 90
11 90
1 90
46 6625
45 6625
6 6625
43 5437
42 5437
42 5437
45 6197
44 6197
17 6197
53 9833
52 9833
4 9833
11 66
10 66
44 66
32 2075
31 2075
45 2075
36 3152
35 3152
23 3152
37 3173
36 3173
25 3173
38 3625
37 3625
9 3625
26 1082
25 1082
19 1082
37 3275
36 3275
22 3275
43 5396
42 5396
40 5396
30 1833
29 1833
9 1833
45 6191
44 6191
15 6191
49 7962
48 7962
32 7962
35 3003
34 3003
19 3003
47 7113
46 7113
35 7113
31 1869
30 1869
1 1869
37 3219
36 3219
36 3219
48 7710
47 7710
27 7710
35 2828
34 2828
34 2828
46 6427
45 6427
13 6427
41 4586
40 4586
37 4586
46 6563
45 6563
32 6563
45 6088
44 6088
4 6088
40 4380
39 4380
22 4380
40 4325
39 4325
48 4325
46 6559
45 6559
16 6559
52 9683
51 9683
14 9683
50 8519
49 8519
4 8519
45 6040
44 6040
8 6040
47 7110
46 7110
51 7110
45 6256
44 6256
5 6256
52 9425
51 9425
28 9425
52 9657
51 9657
17 9657
35 2879
34 2879
31 2879
44 5845
43 5845
1 5845
35 2925
34 2925
43 2925
42 5100
41 5100
5 5100
28 1437
27 1437
40 1437
51 8951
50 8951
33 8951
35 2642
34 2642
22 2642
48 7782
47 7782
23 7782
42 4853
41 4853
32 4853
33 2395
32 2395
32 2395
34 2644
33 2644
11 2644
48 7485
47 7485
11 7485
40 4173
39 4173
4 4173
24 822
23 822
52 822
48 7560
47 7560
49 7560
30 1701
29 1701
46 1701
43 5578
42 5578
20 5578
42 4893
41 4893
2 4893
30 1715
29 1715
18 1715
35 2708
34 2708
42 2708
49 8193
48 8193
14 8193
43 5413
42 5413
39 5413
35 2826
34 2826
20 2826
51 9230
50 9230
15 9230
45 6023
44 6023
2 6023
43 5571
42 5571
3 5571
34 2435
33 2435
26 2435
19 377
18 377
10 377
52 9904
51 9904
22 9904
48 7532
47 7532
37 7532
39 4066
38 4066
7 4066
37 3369
36 3369
25 3369
32 2130
31 2130
19 2130
50 8437
49 8437
36 8437
23 700
22 700
19 700
47 6836
46 6836
32 6836
44 5793
43 5793
41 5793
40 4402
39 4402
10 4402
47 6934
46 6934
18 6934
47 6926
46 6926
16 6926
50 8307
49 8307
6 8307
49 7850
48 7850
40 7850
31 1814
30 1814
51 1814
48 7421
47 7421
23 7421
50 8429
49 8429
10 8429
35 2817
34 2817
10 2817
22 607
21 607
42 607
41 4565
40 4565
49 4565
44 5716
43 5716
47 5716
31 1915
30 1915
11 1915
37 3336
36 3336
44 3336
39 3899
38 3899
39 3899
38 3596
37 3596
21 3596
38 3631
37 3631
38 3631
38 3685
37 3685
22 3685
47 7221
46 7221
15 7221
42 4923
41 4923
10 4923
29 1472
28 1472
37 1472
44 5579
43 5579
13 5579
35 2663
34 2663
17 2663
50 8374
49 8374
19 8374
52 9829
51 9829
25 9829
48 7424
47 7424
3 7424
30 1655
29 1655
14 1655
27 1202
26 1202
4 1202
35 2849
34 2849
39 2849
29 1544
28 1544
51 1544
28 1497
27 1497
19 1497
51 9251
50 9251
35 9251
40 4363
39 4363
12 4363
48 7591
47 7591
39 7591
48 7619
47 7619
18 7619
39 4047
38 4047
32 4047
41 4454
40 4454
52 4454
45 6421
44 6421
37 6421
26 1129
25 1129
16 1129
17 250
16 250
45 250
48 7480
47 7480
46 7480
34 2452
33 2452
24 2452
39 3969
38 3969
48 3969
19 442
18 442
34 442
47 7238
46 7238
45 7238
40 4234
39 4234
39 4234
47 6879
46 6879
37 6879
45 5972
44 5972
49 5972
27 1302
26 1302
23 1302
36 3133
35 3133
10 3133
41 4809
40 4809
39 4809
39 3933
38 3933
7 3933
19 411
18 411
17 411
13 113
12 113
25 113
37 3299
36 3299
28 3299
46 6505
45 6505
36 6505
48 7243
47 7243
15 7243
38 3659
37 3659
31 3659
35 2962
34 2962
44 2962
24 830
23 830
6 830
47 6891
46 6891
20 6891
49 8112
48 8112
36 8112
38 3516
37 3516
44 3516
35 2945
34 2945
21 2945
23 672
22 672
31 672
51 9030
50 9030
25 9030
49 8069
48 8069
18 8069
50 8631
49 8631
23 8631
50 8655
49 8655
26 8655
34 2737
33 2737
7 2737
20 499
19 499
18 499
12 68
11 68
37 68
39 3997
38 3997
22 3997
24 805
23 805
20 805
39 4042
38 4042
21 4042
31 1886
30 1886
47 1886
50 8446
49 8446
8 8446
12 90
11 90
47 90
40 4368
39 4368
32 4368
45 6201
44 6201
43 6201
49 8009
48 8009
32 8009
51 9250
50 9250
18 9250
44 5609
43 5609
9 5609
48 7500
47 7500
5 7500
26 1090
25 1090
41 1090
40 4339
39 4339
7 4339
50 8779
49 8779
17 8779
37 3386
36 3386
35 3386
16 222
15 222
34 222
48 7843
47 7843
21 7843
49 7978
48 7978
43 7978
49 8168
48 8168
5 8168
52 9425
51 9425
33 9425
15 166
14 166
15 166
34 2427
33 2427
14 2427
52 9597
51 9597
25 9597
26 1170
25 1170
15 1170
20 449
19 449
32 449
40 4260
39 4260
6 4260
51 9116
50 9116
20 9116
28 1445
27 1445
5 1445
47 7146
46 7146
19 7146
41 4618
40 4618
1 4618
48 7307
47 7307
22 7307
33 2302
32 2302
51 2302
51 8932
50 8932
52 8932
36 3185
35 3185
35 3185
34 2462
33 2462
33 2462
51 9236
50 9236
24 9236
39 3894
38 3894
8 3894
34 2574
33 2574
5 2574
50 8747
49 8747
41 8747
46 6570
45 6570
23 6570
42 4804
41 4804
20 4804
28 1431
27 1431
16 1431
46 6775
45 6775
28 6775
41 4534
40 4534
26 4534
50 8211
49 8211
21 8211
45 6320
44 6320
18 6320
44 5863
43 5863
14 5863
39 4110
38 4110
18 4110
24 904
23 904
24 904
39 3967
38 3967
15 3967
52 9951
51 9951
21 9951
22 661
21 661
40 661
47 7241
46 7241
42 7241
52 9496
51 9496
21 9496
39 4117
38 4117
46 4117
37 3345
36 3345
28 3345
51 9418
50 9418
28 9418
51 8768
50 8768
8 8768
45 6270
44 6270
21 6270
47 7159
46 7159
29 7159
40 4192
39 4192
24 4192
51 8973
50 8973
21 8973
44 5615
43 5615
24 5615
43 5405
42 5405
26 5405
32 2064
31 2064
9 2064
32 2196
31 2196
21 2196
40 4428
39 4428
19 4428
51 9190
50 9190
41 9190
51 9247
50 9247
46 9247
38 3641
37 3641
50 3641
37 3227
36 3227
20 3227
51 9112
50 9112
3 9112
50 8675
49 8675
14 8675
50 8513
49 8513
24 8513
50 8880
49 8880
4 8880
40 4360
39 4360
8 4360
20 415
19 415
40 415
38 3602
37 3602
49 3602
33 2401
32 2401
31 2401
51 9275
50 9275
7 9275
37 3354
36 3354
52 3354
50 8576
49 8576
48 8576
39 3923
38 3923
42 3923
32 2150
31 2150
3 2150
49 8041
48 8041
38 8041
37 3409
36 3409
33 3409
43 5323
42 5323
27 5323
51 9341
50 9341
14 9341
49 8047
48 8047
33 8047
52 9401
51 9401
10 9401
38 3549
37 3549
11 3549
49 8199
48 8199
9 8199
44 5587
43 5587
21 5587
47 6942
46 6942
10 6942
43 5487
42 5487
47 5487
33 2360
32 2360
17 2360
43 5336
42 5336
39 5336
50 8740
49 8740
17 8740
41 4806
40 4806
23 4806
37 3365
36 3365
3 3365
43 5317
42 5317
28 5317
40 4289
39 4289
44 4289
52 9879
51 9879
52 9879
47 7234
46 7234
15 7234
39 4063
38 4063
18 4063
38 3753
37 3753
41 3753
47 7110
46 7110
12 7110
52 9366
51 9366
51 9366
48 7673
47 7673
36 7673
44 5793
43 5793
36 5793
50 8569
49 8569
44 8569
51 8837
50 8837
1 8837
44 5642
43 5642
36 5642
30 1727
29 1727
3 1727
47 7060
46 7060
36 7060
49 8163
48 8163
4 8163
38 3637
37 3637
52 3637
19 424
18 424
29 424
33 2238
32 2238
26 2238
34 2615
33 2615
1 2615
50 8465
49 8465
43 8465
29 1535
28 1535
21 1535
17 298
16 298
23 298
52 9524
51 9524
39 9524
24 835
23 835
16 835
38 3740
37 3740
52 3740
39 3837
38 3837
51 3837
45 6129
44 6129
33 6129
50 8718
49 8718
15 8718
50 8177
49 8177
42 8177
53 9950
52 9950
11 9950
33 2305
32 2305
26 2305
42 5161
41 5161
20 5161
46 6662
45 6662
8 6662
50 8304
49 8304
5 8304
30 1610
29 1610
21 1610
46 6647
45 6647
46 6647
40 4301
39 4301
43 4301
39 3865
38 3865
42 3865
35 2865
34 2865
28 2865
21 591
20 591
45 591
46 6797
45 6797
41 6797
50 8877
49 8877
50 8877
40 4220
39 4220
15 4220
40 4166
39 4166
34 4166
47 6987
46 6987
10 6987
30 1826
29 1826
11 1826
47 6782
46 6782
13 6782
38 3615
37 3615
22 3615
29 1675
28 1675
11 1675
34 2669
33 2669
26 2669
40 4269
39 4269
41 4269
23 753
22 753
38 753
46 6610
45 6610
26 6610
43 5603
42 5603
27 5603
44 5950
43 5950
18 5950
50 8512
49 8512
7 8512
23 742
22 742
51 742
42 4856
41 4856
52 4856
32 2102
31 2102
19 2102
51 9393
50 9393
27 9393
20 460
19 460
47 460
36 3026
35 3026
5 3026
43 5450
42 5450
30 5450
37 3497
36 3497
9 3497
41 4808
40 4808
36 4808
52 9574
51 9574
28 9574
48 7679
47 7679
47 7679
21 637
20 637
36 637
34 2591
33 2591
30 2591
44 5720
43 5720
25 5720
35 2970
34 2970
49 2970
51 9187
50 9187
31 9187
51 8983
50 8983
6 8983
52 9966
51 9966
10 9966
38 3664
37 3664
3 3664
50 8815
49 8815
21 8815
40 4276
39 4276
18 4276
52 9789
51 9789
43 9789
45 6261
44 6261
32 6261
44 5622
43 5622
49 5622
35 2779
34 2779
42 2779
49 8026
48 8026
47 8026
34 2560
33 2560
23 2560
14 157
13 157
2 157
36 3250
35 3250
31 3250
6 9
5 9
32 9
52 9733
51 9733
45 9733
48 7578
47 7578
28 7578
51 9150
50 9150
3 9150
45 6064
44 6064
49 6064
46 6760
45 6760
37 6760
29 1584
28 1584
20 1584
19 419
18 419
10 419
51 9124
50 9124
39 9124
51 9232
50 9232
47 9232
33 2342
32 2342
27 2342
39 3894
38 3894
25 3894
39 3881
38 3881
27 3881
13 113
12 113
7 113
20 464
19 464
10 464
49 7965
48 7965
34 7965
52 9605
51 9605
21 9605
15 175
14 175
35 175
52 9700
51 9700
2 9700
44 5901
43 5901
13 5901
42 4877
41 4877
10 4877
50 8481
49 8481
8 8481
52 9509
51 9509
29 9509
43 5306
42 5306
39 5306
33 2245
32 2245
36 2245
47 7338
46 7338
19 7338
33 2346
32 2346
30 2346
40 4265
39 4265
38 4265
40 4355
39 4355
48 4355
21 576
20 576
45 576
31 1927
30 1927
3 1927
25 911
24 911
46 911
43 5180
42 5180
7 5180
10 41
9 41
30 41
37 3265
36 3265
26 3265
52 9875
51 9875
40 9875
49 8101
48 8101
20 8101
26 1064
25 1064
32 1064
45 5933
44 5933
50 5933
43 5351
42 5351
21 5351
52 9778
51 9778
19 9778
52 9539
51 9539
29 9539
50 8784
49 8784
30 8784
49 7778
48 7778
15 7778
39 3977
38 3977
47 3977
44 5807
43 5807
52 5807
29 1536
28 1536
34 1536
24 873
23 873
19 873
47 6911
46 6911
18 6911
25 1009
24 1009
50 1009
27 1297
26 1297
18 1297
27 1360
26 1360
36 1360
19 424
18 424
12 424
43 5471
42 5471
46 5471
46 6424
45 6424
49 6424
44 5724
43 5724
33 5724
41 4602
40 4602
15 4602
23 812
22 812
23 812
22 634
21 634
19 634
39 4003
38 4003
46 4003
48 7674
47 7674
11 7674
31 1822
30 1822
48 1822
37 3277
36 3277
45 3277
41 4762
40 4762
21 4762
50 8588
49 8588
2 8588
32 2154
31 2154
16 2154
27 1205
26 1205
32 1205
39 3940
38 3940
10 3940
38 3607
37 3607
40 3607
52 9524
51 9524
5 9524
41 4599
40 4599
5 4599
23 697
22 697
42 697
48 7645
47 7645
15 7645
27 1315
26 1315
4 1315
40 4392
39 4392
26 4392
22 651
21 651
19 651
51 9206
50 9206
44 9206
31 1995
30 1995
37 1995
51 8973
50 8973
2 8973
22 593
21 593
45 593
46 6437
45 6437
3 6437
49 8193
48 8193
51 8193
50 8732
49 8732
40 8732
42 5104
41 5104
1 5104
42 5120
41 5120
50 5120
38 3578
37 3578
37 3578
32 2232
31 2232
39 2232
40 4348
39 4348
4 4348
32 2156
31 2156
22 2156
43 5402
42 5402
29 5402
52 9560
51 9560
14 9560
51 8987
50 8987
24 8987
32 2173
31 2173
39 2173
46 6424
45 6424
4 6424
52 9680
51 9680
40 9680
51 9201
50 9201
45 9201
50 8714
49 8714
46 8714
46 6407
45 6407
47 6407
20 486
19 486
48 486
48 7651
47 7651
13 7651
24 805
23 805
21 805
25 1022
24 1022
30 1022
49 8093
48 8093
30 8093
37 3431
36 3431
28 3431
51 8886
50 8886
17 8886
52 9920
51 9920
23 9920
49 8124
48 8124
23 8124
31 1905
30 1905
19 1905
49 7712
48 7712
18 7712
43 5460
42 5460
36 5460
45 6055
44 6055
12 6055
44 5783
43 5783
23 5783
44 5801
43 5801
6 5801
52 9837
51 9837
8 9837
13 115
12 115
38 115
45 6205
44 6205
14 6205
30 1686
29 1686
46 1686
52 9698
51 9698
21 9698
46 6645
45 6645
46 6645
52 9769
51 9769
48 9769
52 9355
51 9355
22 9355
42 4774
41 4774
19 4774
33 2387
32 2387
45 2387
38 3583
37 3583
7 3583
32 2046
31 2046
3 2046
36 3055
35 3055
25 3055
44 6033
43 6033
52 6033
37 3301
36 3301
3 3301
19 404
18 404
39 404
43 5074
42 5074
22 5074
45 6308
44 6308
9 6308
35 2863
34 2863
5 2863
16 209
15 209
19 209
46 6660
45 6660
16 6660
33 2241
32 2241
7 2241
37 3442
36 3442
50 3442
48 7435
47 7435
12 7435
51 8859
50 8859
40 8859
52 9933
51 9933
12 9933
18 340
17 340
36 340
41 4519
40 4519
45 4519
51 9290
50 9290
43 9290
35 2830
34 2830
50 2830
19 442
18 442
51 442
19 442
18 442
46 442
50 8775
49 8775
38 8775
51 9032
50 9032
49 9032
47 7143
46 7143
21 7143
44 5640
43 5640
18 5640
44 5735
43 5735
37 5735
34 2720
33 2720
1 2720
32 2147
31 2147
10 2147
33 2439
32 2439
43 2439
35 2702
34 2702
43 2702
47 7195
46 7195
17 7195
44 5760
43 5760
19 5760
51 9004
50 9004
9 9004
52 9603
51 9603
7 9603
41 4574
40 4574
33 4574
42 4838
41 4838
49 4838
40 4283
39 4283
18 4283
32 1994
31 1994
11 1994
47 6943
46 6943
30 6943
48 7399
47 7399
2 7399
24 778
23 778
2 778
42 5048
41 5048
36 5048
48 7601
47 7601
29 7601
50 8522
49 8522
26 8522
42 4942
41 4942
23 4942
38 3826
37 3826
2 3826
47 6923
46 6923
27 6923
49 8100
48 8100
42 8100
39 4027
38 4027
22 4027
46 6828
45 6828
40 6828
42 4962
41 4962
22 4962
30 1753
29 1753
36 1753
26 1143
25 1143
11 1143
32 2045
31 2045
13 2045
38 3801
37 3801
13 3801
50 8799
49 8799
24 8799
33 2279
32 2279
39 2279
37 3320
36 3320
27 3320
51 8935
50 8935
34 8935
43 5369
42 5369
52 5369
27 1152
26 1152
1 1152
39 3748
38 3748
27 3748
49 7903
48 7903
23 7903
42 4943
41 4943
44 4943
42 5190
41 5190
48 5190
39 3877
38 3877
42 3877
16 232
15 232
15 232
51 9124
50 9124
49 9124
49 8031
48 8031
13 8031
48 7439
47 7439
5 7439
48 7735
47 7735
37 7735
50 8717
49 8717
32 8717
49 8112
48 8112
26 8112
42 5016
41 5016
48 5016
42 5071
41 5071
48 5071
49 8048
48 8048
39 8048
31 2061
30 2061
44 2061
51 9094
50 9094
1 9094
42 4919
41 4919
35 4919
27 1217
26 1217
30 1217
50 8476
49 8476
11 8476
34 2476
33 2476
13 2476
42 4771
41 4771
22 4771
51 9158
50 9158
22 9158
21 594
20 594
49 594
50 8464
49 8464
25 8464
46 6488
45 6488
18 6488
18 339
17 339
37 339
37 3236
36 3236
2 3236
51 8855
50 8855
26 8855
47 7275
46 7275
48 7275
52 9773
51 9773
7 9773
39 4086
38 4086
8 4086
51 8951
50 8951
33 8951
51 8945
50 8945
17 8945
52 9722
51 9722
45 9722
26 974
25 974
31 974
40 4147
39 4147
50 4147
27 1248
26 1248
18 1248
23 751
22 751
41 751
42 5136
41 5136
9 5136
46 6641
45 6641
7 6641
16 252
15 252
48 252
52 10000
51 10000
31 10000
35 2643
34 2643
51 2643
45 6166
44 6166
41 6166
50 8282
49 8282
49 8282
43 5554
42 5554
36 5554
9 42
8 42
1 42
37 3319
36 3319
45 3319
42 5023
41 5023
24 5023
52 9627
51 9627
26 9627
29 1546
28 1546
37 1546
46 6857
45 6857
32 6857
34 2656
33 2656
44 2656
11 47
10 47
5 47
44 5898
43 5898
47 5898
43 5121
42 5121
19 5121
48 7555
47 7555
16 7555
44 5860
43 5860
22 5860
51 9133
50 9133
49 9133
46 6339
45 6339
10 6339
38 3708
37 3708
19 3708
31 1886
30 1886
51 1886
41 4441
40 4441
40 4441
52 9622
51 9622
35 9622
51 8864
50 8864
16 8864
21 579
20 579
36 579
29 1634
28 1634
28 1634
36 3086
35 3086
31 3086
25 1012
24 1012
26 1012
36 3207
35 3207
18 3207
34 2527
33 2527
35 2527
48 7376
47 7376
7 7376
39 3822
38 3822
9 3822
49 8015
48 8015
19 8015
12 98
11 98
1 98
35 2672
34 2672
4 2672
52 9873
51 9873
2 9873
41 4545
40 4545
19 4545
27 1315
26 1315
12 1315
33 2405
32 2405
10 2405
15 196
14 196
34 196
41 4626
40 4626
43 4626
49 8021
48 8021
24 8021
50 8306
49 8306
32 8306
24 827
23 827
46 827
44 5702
43 5702
13 5702
51 9326
50 9326
31 9326
29 1454
28 1454
1 1454
42 5164
41 5164
39 5164
50 8850
49 8850
17 8850
50 8851
49 8851
22 8851
50 8732
49 8732
43 8732
48 7306
47 7306
50 7306
46 6732
45 6732
32 6732
41 4697
40 4697
41 4697
38 3715
37 3715
19 3715
47 7148
46 7148
37 7148
44 5560
43 5560
8 5560
51 9220
50 9220
18 9220
39 3990
38 3990
5 3990
45 6390
44 6390
51 6390
46 6732
45 6732
45 6732
52 9834
51 9834
9 9834
42 4972
41 4972
48 4972
38 3757
37 3757
51 3757
21 540
20 540
36 540
35 2831
34 2831
48 2831
51 8968
50 8968
27 8968
40 4166
39 4166
24 4166
32 2046
31 2046
47 2046
35 2858
34 2858
43 2858
34 2608
33 2608
52 2608
35 2758
34 2758
17 2758
30 1702
29 1702
14 1702
47 7118
46 7118
4 7118
44 5865
43 5865
32 5865
50 8659
49 8659
14 8659
31 1865
30 1865
14 1865
39 3952
38 3952
20 3952
40 4536
39 4536
16 4536
49 8065
48 8065
3 8065
46 6797
45 6797
16 6797
41 4743
40 4743
47 4743
41 4738
40 4738
33 4738
51 9269
50 9269
51 9269
29 1639
28 1639
50 1639
41 4534
40 4534
27 4534
50 8812
49 8812
51 8812
48 7685
47 7685
26 7685
53 9899
52 9899
1 9899
51 9362
50 9362
4 9362
44 5659
43 5659
16 5659
52 9684
51 9684
1 9684
51 9134
50 9134
48 9134
32 2066
31 2066
36 2066
39 4212
38 4212
6 4212
15 185
14 185
41 185
26 1126
25 1126
14 1126
39 3929
38 3929
28 3929
38 3532
37 3532
35 3532
46 6680
45 6680
51 6680
44 5623
43 5623
39 5623
44 5821
43 5821
4 5821
48 7592
47 7592
43 7592
35 2854
34 2854
9 2854
28 1367
27 1367
5 1367
29 1619
28 1619
46 1619
50 8877
49 8877
10 8877
35 2904
34 2904
46 2904
35 2810
34 2810
36 2810
46 6559
45 6559
46 6559
24 960
23 960
16 960
37 3268
36 3268
16 3268
40 4309
39 4309
21 4309
24 823
23 823
2 823
49 8277
48 8277
4 8277
34 2573
33 2573
37 2573
15 158
14 158
30 158
50 8880
49 8880
18 8880
27 1315
26 1315
17 1315
47 7098
46 7098
37 7098
49 8314
48 8314
18 8314
36 3134
35 3134
12 3134
51 9038
50 9038
33 9038
36 3055
35 3055
4 3055
35 2829
34 2829
41 2829
49 8311
48 8311
41 8311
44 5850
43 5850
4 5850
50 8418
49 8418
1 8418
35 2876
34 2876
49 2876
39 3792
38 3792
1 3792
29 1630
28 1630
9 1630
43 5574
42 5574
44 5574
38 3533
37 3533
45 3533
22 653
21 653
9 653
39 3837
38 3837
35 3837
34 2450
33 2450
26 2450
49 7957
48 7957
21 7957
47 7285
46 7285
52 7285
42 5118
41 5118
36 5118
36 3034
35 3034
28 3034
34 2551
33 2551
47 2551
46 6507
45 6507
9 6507
35 2820
34 2820
17 2820
44 5827
43 5827
19 5827
29 1515
28 1515
46 1515
49 8116
48 8116
45 8116
35 2805
34 2805
19 2805
41 4498
40 4498
40 4498
53 9923
52 9923
38 9923
26 1111
25 1111
10 1111
47 7143
46 7143
35 7143
46 6845
45 6845
8 6845
48 7190
47 7190
33 7190
31 1975
30 1975
9 1975
37 3565
36 3565
18 3565
38 3720
37 3720
20 3720
43 5401
42 5401
6 5401
50 8313
49 8313
6 8313
38 3757
37 3757
28 3757
45 6328
44 6328
30 6328
42 4832
41 4832
49 4832
32 2228
31 2228
35 2228
42 4892
41 4892
7 4892
23 786
22 786
13 786
29 1632
28 1632
4 1632
46 6347
45 6347
12 6347
52 9711
51 9711
8 9711
29 1499
28 1499
27 1499
51 8831
50 8831
50 8831
34 2516
33 2516
15 2516
25 939
24 939
28 939
39 3897
38 3897
6 3897
35 2706
34 2706
3 2706
47 7155
46 7155
16 7155
34 2709
33 2709
20 2709
47 7056
46 7056
30 7056
42 5005
41 5005
29 5005
43 5279
42 5279
45 5279
49 8370
48 8370
44 8370
47 7253
46 7253
11 7253
43 5493
42 5493
11 5493
33 2442
32 2442
51 2442
26 1063
25 1063
11 1063
21 589
20 589
12 589
45 6080
44 6080
17 6080
32 2108
31 2108
6 2108
51 9097
50 9097
4 9097
38 3645
37 3645
33 3645
44 5682
43 5682
8 5682
21 536
20 536
16 536
35 2797
34 2797
17 2797
50 8747
49 8747
27 8747
43 5473
42 5473
38 5473
50 8693
49 8693
14 8693
53 9992
52 9992
2 9992
51 9243
50 9243
11 9243
34 2449
33 2449
3 2449
44 5653
43 5653
16 5653
49 7774
48 7774
14 7774
33 2338
32 2338
10 2338
52 9655
51 9655
25 9655
52 9792
51 9792
51 9792
32 2230
31 2230
29 2230
42 4997
41 4997
30 4997
45 6297
44 6297
51 6297
26 1097
25 1097
33 1097
33 2388
32 2388
3 2388
32 2153
31 2153
46 2153
29 1644
28 1644
41 1644
44 5846
43 5846
51 5846
52 9596
51 9596
26 9596
51 9124
50 9124
12 9124
21 532
20 532
29 532
36 3099
35 3099
41 3099
50 8341
49 8341
7 8341
52 9834
51 9834
6 9834
51 9062
50 9062
18 9062
42 4895
41 4895
1 4895
29 1442
28 1442
31 1442
40 4064
39 4064
51 4064
35 2840
34 2840
32 2840
35 2901
34 2901
36 2901
52 9370
51 9370
26 9370
37 3227
36 3227
2 3227
43 5182
42 5182
44 5182
51 8962
50 8962
42 8962
39 3792
38 3792
3 3792
28 1424
27 1424
2 1424
46 6670
45 6670
4 6670
15 173
14 173
28 173
33 2235
32 2235
9 2235
44 5717
43 5717
10 5717
27 1164
26 1164
48 1164
35 2777
34 2777
40 2777
39 4014
38 4014
50 4014
42 5278
41 5278
38 5278
36 3022
35 3022
21 3022
29 1580
28 1580
19 1580
37 3471
36 3471
35 3471
44 5840
43 5840
3 5840
37 3576
36 3576
21 3576
43 5466
42 5466
45 5466
47 6899
46 6899
33 6899
32 2128
31 2128
46 2128
42 4720
41 4720
36 4720
46 6713
45 6713
40 6713
42 4991
41 4991
16 4991
45 6019
44 6019
32 6019
33 2458
32 2458
19 2458
49 7982
48 7982
41 7982
52 9817
51 9817
19 9817
30 1663
29 1663
50 1663
40 4475
39 4475
8 4475
29 1518
28 1518
40 1518
41 4660
40 4660
9 4660
34 2552
33 2552
41 2552
19 441
18 441
47 441
46 6717
45 6717
18 6717
49 7942
48 7942
24 7942
31 1987
30 1987
47 1987
18 328
17 328
6 328
35 2993
34 2993
30 2993
31 2052
30 2052
33 2052
27 1285
26 1285
31 1285
41 4862
40 4862
16 4862
39 3967
38 3967
26 3967
49 7779
48 7779
41 7779
45 6468
44 6468
44 6468
45 6031
44 6031
48 6031
52 9867
51 9867
30 9867
51 8919
50 8919
4 8919
21 531
20 531
1 531
24 945
23 945
27 945
45 6315
44 6315
25 6315
26 1111
25 1111
41 1111
44 5881
43 5881
5 5881
30 1720
29 1720
40 1720
40 4196
39 4196
12 4196
17 263
16 263
15 263
35 2906
34 2906
51 2906
50 8490
49 8490
14 8490
33 2283
32 2283
25 2283
42 4828
41 4828
24 4828
31 1883
30 1883
6 1883
50 8683
49 8683
50 8683
45 6196
44 6196
13 6196
45 6155
44 6155
41 6155
25 1026
24 1026
6 1026
48 7617
47 7617
7 7617
46 6597
45 6597
28 6597
36 3096
35 3096
10 3096
41 4578
40 4578
52 4578
34 2496
33 2496
36 2496
48 7427
47 7427
48 7427
50 8810
49 8810
38 8810
40 4162
39 4162
29 4162
39 4109
38 4109
22 4109
41 4642
40 4642
34 4642
49 7956
48 7956
40 7956
51 9238
50 9238
38 9238
50 8558
49 8558
40 8558
45 6440
44 6440
2 6440
42 4829
41 4829
43 4829
34 2516
33 2516
36 2516
52 9335
51 9335
17 9335
53 9866
52 9866
33 9866
34 2536
33 2536
46 2536
51 9023
50 9023
12 9023
35 2862
34 2862
1 2862
43 5436
42 5436
33 5436
44 5532
43 5532
10 5532
38 3678
37 3678
52 3678
52 9767
51 9767
46 9767
52 9892
51 9892
39 9892
36 3084
35 3084
2 3084
30 1717
29 1717
11 1717
48 7560
47 7560
52 7560
48 7511
47 7511
11 7511
49 7774
48 7774
38 7774
42 5113
41 5113
52 5113
35 2725
34 2725
36 2725
47 7242
46 7242
35 7242
42 4856
41 4856
38 4856
44 5823
43 5823
38 5823
46 6820
45 6820
20 6820
51 8977
50 8977
48 8977
41 4813
40 4813
12 4813
41 4477
40 4477
32 4477
38 3593
37 3593
40 3593
24 882
23 882
6 882
48 7619
47 7619
37 7619
33 2326
32 2326
30 2326
44 5834
43 5834
33 5834
52 9682
51 9682
6 9682
37 3391
36 3391
6 3391
36 3105
35 3105
44 3105
43 5451
42 5451
37 5451
47 6981
46 6981
43 6981
42 4886
41 4886
3 4886
38 3762
37 3762
25 3762
30 1729
29 1729
52 1729
40 4241
39 4241
35 4241
25 973
24 973
47 973
18 351
17 351
29 351
33 2386
32 2386
7 2386
48 7419
47 7419
22 7419
29 1529
28 1529
29 1529
48 7755
47 7755
45 7755
27 1282
26 1282
3 1282
42 5031
41 5031
47 5031
30 1647
29 1647
7 1647
50 8765
49 8765
2 8765
50 8455
49 8455
18 8455
35 2732
34 2732
51 2732
44 5956
43 5956
30 5956
43 5289
42 5289
9 5289
39 3797
38 3797
37 3797
48 7581
47 7581
44 7581
51 9069
50 9069
51 9069
49 7972
48 7972
8 7972
39 3938
38 3938
31 3938
41 4591
40 4591
7 4591
52 9711
51 9711
7 9711
53 9923
52 9923
50 9923
43 5218
42 5218
47 5218
35 2744
34 2744
4 2744
38 3599
37 3599
18 3599
29 1692
28 1692
37 1692
43 5259
42 5259
25 5259
28 1501
27 1501
17 1501
38 3665
37 3665
2 3665
17 274
16 274
35 274
47 6753
46 6753
31 6753
26 1123
25 1123
42 1123
48 7564
47 7564
8 7564
45 6012
44 6012
43 6012
47 6905
46 6905
37 6905
45 6047
44 6047
37 6047
17 291
16 291
33 291
36 3022
35 3022
8 3022
50 8665
49 8665
8 8665
48 7637
47 7637
7 7637
36 2989
35 2989
2 2989
33 2302
32 2302
42 2302
44 5798
43 5798
17 5798
42 5098
41 5098
32 5098
45 5998
44 5998
28 5998
44 5679
43 5679
34 5679
44 5668
43 5668
22 5668
53 9989
52 9989
38 9989
43 5258
42 5258
51 5258
37 3272
36 3272
49 3272
39 4152
38 4152
15 4152
39 3865
38 3865
45 3865
40 4215
39 4215
5 4215
53 9997
52 9997
11 9997
51 9192
50 9192
38 9192
47 7132
46 7132
11 7132
33 2331
32 2331
23 2331
49 8259
48 8259
24 8259
26 1016
25 1016
23 1016
48 7219
47 7219
1 7219
37 3497
36 3497
2 3497
47 6928
46 6928
2 6928
34 2574
33 2574
35 2574
20 546
19 546
51 546
44 5639
43 5639
11 5639
37 3415
36 3415
15 3415
35 2814
34 2814
35 2814
7 15
6 15
38 15
43 5531
42 5531
34 5531
43 5183
42 5183
40 5183
24 797
23 797
25 797
45 6063
44 6063
4 6063
52 9576
51 9576
10 9576
45 6268
44 6268
6 6268
26 1105
25 1105
5 1105
23 758
22 758
10 758
29 1476
28 1476
30 1476
28 1443
27 1443
43 1443
18 351
17 351
49 351
45 5930
44 5930
36 5930
45 6340
44 6340
40 6340
34 2617
33 2617
46 2617
21 555
20 555
25 555
35 2784
34 2784
40 2784
23 749
22 749
21 749
45 6260
44 6260
14 6260
27 1194
26 1194
2 1194
51 9133
50 9133
47 9133
41 4516
40 4516
13 4516
34 2648
33 2648
27 2648
52 9650
51 9650
25 9650
34 2549
33 2549
33 2549
43 5550
42 5550
27 5550
46 6570
45 6570
41 6570
36 3159
35 3159
32 3159
52 9646
51 9646
28 9646
33 2320
32 2320
22 2320
39 4111
38 4111
43 4111
14 159
13 159
11 159
42 4925
41 4925
40 4925
33 2303
32 2303
8 2303
42 4828
41 4828
25 4828
52 9470
51 9470
12 9470
30 1734
29 1734
11 1734
50 8240
49 8240
34 8240
51 8951
50 8951
4 8951
44 6090
43 6090
34 6090
31 2079
30 2079
45 2079
33 2264
32 2264
45 2264
50 8580
49 8580
49 8580
30 1719
29 1719
16 1719
47 7101
46 7101
4 7101
49 7819
48 7819
22 7819
42 4936
41 4936
25 4936
38 3819
37 3819
11 3819
43 5284
42 5284
13 5284
42 5040
41 5040
45 5040
39 4200
38 4200
21 4200
41 4666
40 4666
47 4666
33 2331
32 2331
12 2331
49 8251
48 8251
9 8251
42 5049
41 5049
23 5049
52 9817
51 9817
17 9817
26 1156
25 1156
14 1156
29 1472
28 1472
25 1472
31 2017
30 2017
22 2017
48 7758
47 7758
2 7758
50 8183
49 8183
38 8183
49 8150
48 8150
51 8150
43 5156
42 5156
45 5156
23 782
22 782
44 782
39 3911
38 3911
47 3911
42 5104
41 5104
7 5104
50 8567
49 8567
15 8567
40 4316
39 4316
27 4316
35 2810
34 2810
38 2810
46 6773
45 6773
48 6773
32 2127
31 2127
35 2127
30 1760
29 1760
8 1760
37 3397
36 3397
29 3397
46 6760
45 6760
26 6760
42 4849
41 4849
16 4849
45 5964
44 5964
45 5964
31 1980
30 1980
45 1980
49 8031
48 8031
45 8031
37 3475
36 3475
45 3475
20 472
19 472
6 472
36 3077
35 3077
2 3077
34 2608
33 2608
3 2608
28 1289
27 1289
6 1289
50 8486
49 8486
45 8486
32 2149
31 2149
49 2149
42 4846
41 4846
45 4846
33 2440
32 2440
40 2440
43 5421
42 5421
5 5421
47 6897
46 6897
17 6897
48 7743
47 7743
20 7743
47 7077
46 7077
4 7077
36 3090
35 3090
1 3090
28 1453
27 1453
13 1453
33 2520
32 2520
52 2520
47 7029
46 7029
47 7029
28 1433
27 1433
50 1433
45 6095
44 6095
10 6095
45 5982
44 5982
32 5982
41 4766
40 4766
6 4766
32 2039
31 2039
23 2039
35 2907
34 2907
22 2907
37 3270
36 3270
15 3270
51 8996
50 8996
38 8996
37 3426
36 3426
39 3426
46 6648
45 6648
2 6648
43 5429
42 5429
31 5429
49 7836
48 7836
9 7836
31 2015
30 2015
31 2015
48 7673
47 7673
14 7673
48 7456
47 7456
1 7456
36 3051
35 3051
26 3051
44 5602
43 5602
46 5602
48 7476
47 7476
24 7476
28 1468
27 1468
5 1468
35 2743
34 2743
27 2743
50 8464
49 8464
19 8464
40 4301
39 4301
52 4301
50 8542
49 8542
22 8542
40 4179
39 4179
18 4179
50 8735
49 8735
35 8735
51 9034
50 9034
36 9034
28 1483
27 1483
3 1483
52 9750
51 9750
47 9750
25 1043
24 1043
41 1043
39 4160
38 4160
37 4160
50 8408
49 8408
27 8408
44 6004
43 6004
2 6004
44 5953
43 5953
12 5953
44 5859
43 5859
35 5859
47 7002
46 7002
37 7002
49 7810
48 7810
42 7810
39 3839
38 3839
25 3839
44 5914
43 5914
24 5914
52 9653
51 9653
39 9653
43 5318
42 5318
39 5318
32 2210
31 2210
27 2210
23 776
22 776
36 776
50 8240
49 8240
1 8240
50 8804
49 8804
34 8804
49 7902
48 7902
17 7902
29 1602
28 1602
17 1602
22 655
21 655
18 655
52 9456
51 9456
52 9456
50 8424
49 8424
12 8424
42 5039
41 5039
35 5039
46 6886
45 6886
37 6886
25 929
24 929
6 929
41 4646
40 4646
11 4646
36 2994
35 2994
4 2994
41 4780
40 4780
8 4780
47 7260
46 7260
29 7260
28 1485
27 1485
21 1485
23 688
22 688
17 688
49 8308
48 8308
12 8308
46 6612
45 6612
50 6612
43 5456
42 5456
3 5456
25 896
24 896
10 896
22 629
21 629
50 629
37 3424
36 3424
19 3424
36 3127
35 3127
24 3127
28 1301
27 1301
49 1301
38 3746
37 3746
19 3746
30 1716
29 1716
7 1716
39 4084
38 4084
15 4084
42 4981
41 4981
10 4981
18 321
17 321
7 321
39 4117
38 4117
41 4117
45 5999
44 5999
52 5999
9 36
8 36
39 36
31 1959
30 1959
9 1959
47 6968
46 6968
48 6968
48 7530
47 7530
17 7530
47 7129
46 7129
32 7129
28 1386
27 1386
28 1386
48 7507
47 7507
51 7507
52 9852
51 9852
18 9852
32 2215
31 2215
23 2215
34 2589
33 2589
10 2589
51 8825
50 8825
37 8825
27 1194
26 1194
24 1194
40 4099
39 4099
17 4099
52 9670
51 9670
31 9670
26 1089
25 1089
25 1089
37 3256
36 3256
9 3256
48 7588
47 7588
38 7588
9 42
8 42
30 42
25 1023
24 1023
11 1023
49 7803
48 7803
37 7803
30 1757
29 1757
16 1757
45 6126
44 6126
39 6126
38 3609
37 3609
8 3609
43 5321
42 5321
9 5321
45 6340
44 6340
7 6340
36 3063
35 3063
14 3063
52 9650
51 9650
45 9650
46 6679
45 6679
51 6679
34 2605
33 2605
9 2605
49 8266
48 8266
9 8266
15 193
14 193
39 193
33 2296
32 2296
18 2296
43 5454
42 5454
35 5454
47 6956
46 6956
13 6956
28 1338
27 1338
39 1338
49 7988
48 7988
34 7988
26 1084
25 1084
45 1084
36 3186
35 3186
15 3186
50 8562
49 8562
11 8562
42 5085
41 5085
41 5085
48 7340
47 7340
16 7340
46 6737
45 6737
51 6737
23 766
22 766
10 766
11 58
10 58
18 58
16 242
15 242
31 242
38 3517
37 3517
8 3517
51 9332
50 9332
6 9332
42 4880
41 4880
29 4880
43 5428
42 5428
5 5428
39 3789
38 3789
9 3789
37 3335
36 3335
13 3335
52 9635
51 9635
16 9635
42 4871
41 4871
11 4871
25 869
24 869
16 869
52 9630
51 9630
42 9630
31 1913
30 1913
15 1913
50 8639
49 8639
51 8639
37 3321
36 3321
42 3321
43 5518
42 5518
28 5518
42 5190
41 5190
47 5190
29 1666
28 1666
49 1666
37 3440
36 3440
28 3440
37 3338
36 3338
35 3338
41 4719
40 4719
22 4719
41 4613
40 4613
48 4613
51 9069
50 9069
30 9069
36 3080
35 3080
32 3080
46 6714
45 6714
27 6714
47 7197
46 7197
2 7197
49 8151
48 8151
51 8151
44 5726
43 5726
3 5726
43 5227
42 5227
42 5227
47 7326
46 7326
39 7326
34 2609
33 2609
46 2609
34 2528
33 2528
43 2528
38 3544
37 3544
9 3544
51 8990
50 8990
46 8990
51 9074
50 9074
45 9074
23 819
22 819
40 819
20 469
19 469
7 469
49 7921
48 7921
4 7921
52 9917
51 9917
29 9917
52 9885
51 9885
32 9885
45 6248
44 6248
44 6248
39 4030
38 4030
31 4030
13 136
12 136
6 136
31 1889
30 1889
46 1889
40 4133
39 4133
50 4133
35 2792
34 2792
24 2792
47 7001
46 7001
11 7001
46 6726
45 6726
16 6726
46 6674
45 6674
20 6674
50 8596
49 8596
3 8596
49 7923
48 7923
43 7923
23 688
22 688
43 688
38 3683
37 3683
46 3683
39 3769
38 3769
14 3769
51 8972
50 8972
49 8972
40 4132
39 4132
5 4132
30 1789
29 1789
30 1789
50 8762
49 8762
41 8762
38 3705
37 3705
12 3705
51 8951
50 8951
9 8951
27 1238
26 1238
47 1238
36 3149
35 3149
2 3149
43 5375
42 5375
33 5375
48 7503
47 7503
26 7503
32 2162
31 2162
49 2162
50 8742
49 8742
21 8742
16 211
15 211
3 211
43 5280
42 5280
48 5280
30 1751
29 1751
25 1751
44 5820
43 5820
36 5820
40 4234
39 4234
30 4234
38 3487
37 3487
19 3487
51 8986
50 8986
29 8986
28 1346
27 1346
24 1346
45 6249
44 6249
38 6249
47 6993
46 6993
6 6993
12 94
11 94
29 94
39 3917
38 3917
49 3917
28 1381
27 1381
33 1381
51 8875
50 8875
9 8875
47 7211
46 7211
35 7211
32 1988
31 1988
45 1988
44 5651
43 5651
48 5651
51 8979
50 8979
49 8979
23 755
22 755
39 755
52 9562
51 9562
28 9562
40 4327
39 4327
24 4327
49 7805
48 7805
27 7805
47 6813
46 6813
18 6813
44 5892
43 5892
48 5892
49 8024
48 8024
10 8024
52 9822
51 9822
4 9822
47 6910
46 6910
45 6910
35 2905
34 2905
10 2905
52 9802
51 9802
42 9802
45 6219
44 6219
5 6219
17 330
16 330
6 330
25 972
24 972
22 972
48 7457
47 7457
22 7457
52 9513
51 9513
48 9513
48 7687
47 7687
37 7687
44 5747
43 5747
10 5747
45 6100
44 6100
35 6100
44 5678
43 5678
40 5678
37 3496
36 3496
7 3496
40 4355
39 4355
18 4355
40 4359
39 4359
2 4359
41 4574
40 4574
48 4574
40 4405
39 4405
30 4405
49 8144
48 8144
40 8144
49 8014
48 8014
48 8014
32 2174
31 2174
47 2174
48 7857
47 7857
18 7857
25 912
24 912
12 912
36 2975
35 2975
18 2975
19 435
18 435
28 435
51 9185
50 9185
25 9185
51 9208
50 9208
52 9208
25 896
24 896
24 896
20 498
19 498
22 498
30 1723
29 1723
2 1723
39 4076
38 4076
1 4076
39 3972
38 3972
12 3972
33 2465
32 2465
20 2465
51 9283
50 9283
24 9283
43 5538
42 5538
35 5538
49 7841
48 7841
28 7841
45 6292
44 6292
46 6292
43 5423
42 5423
32 5423
47 7199
46 7199
8 7199
43 5325
42 5325
7 5325
30 1664
29 1664
37 1664
50 8531
49 8531
33 8531
10 39
9 39
44 39
36 3179
35 3179
38 3179
51 8954
50 8954
50 8954
38 3540
37 3540
39 3540
44 5697
43 5697
9 5697
34 2625
33 2625
48 2625
22 631
21 631
38 631
29 1544
28 1544
36 1544
27 1199
26 1199
28 1199
50 8820
49 8820
20 8820
49 8157
48 8157
30 8157
45 6164
44 6164
15 6164
38 3513
37 3513
45 3513
52 9625
51 9625
12 9625
34 2720
33 2720
3 2720
30 1772
29 1772
20 1772
27 1282
26 1282
1 1282
45 6325
44 6325
38 6325
41 4741
40 4741
19 4741
45 6325
44 6325
4 6325
46 6592
45 6592
47 6592
49 7741
48 7741
8 7741
33 2273
32 2273
9 2273
33 2309
32 2309
37 2309
36 3080
35 3080
37 3080
43 5398
42 5398
34 5398
50 8730
49 8730
27 8730
50 8608
49 8608
11 8608
21 559
20 559
47 559
46 6629
45 6629
40 6629
36 2915
35 2915
31 2915
52 9628
51 9628
27 9628
24 857
23 857
4 857
17 239
16 239
22 239
51 9011
50 9011
9 9011
31 1933
30 1933
11 1933
46 6699
45 6699
17 6699
33 2361
32 2361
38 2361
32 2062
31 2062
33 2062
47 6969
46 6969
51 6969
51 9180
50 9180
4 9180
17 279
16 279
37 279
39 3945
38 3945
18 3945
44 5908
43 5908
44 5908
36 3167
35 3167
42 3167
51 9120
50 9120
32 9120
41 4810
40 4810
52 4810
26 1139
25 1139
52 1139
22 650
21 650
27 650
34 2600
33 2600
32 2600
41 4421
40 4421
32 4421
41 4492
40 4492
47 4492
39 4034
38 4034
17 4034
44 5651
43 5651
21 5651
26 974
25 974
23 974
35 2948
34 2948
34 2948
27 1275
26 1275
13 1275
45 5992
44 5992
18 5992
36 3005
35 3005
10 3005
49 7967
48 7967
35 7967
49 7899
48 7899
31 7899
34 2650
33 2650
26 2650
36 2980
35 2980
30 2980
50 8594
49 8594
18 8594
42 4871
41 4871
8 4871
47 6848
46 6848
31 6848
38 3753
37 3753
48 3753
33 2323
32 2323
32 2323
33 2339
32 2339
34 2339
50 8701
49 8701
30 8701
53 9986
52 9986
46 9986
30 1846
29 1846
14 1846
36 2934
35 2934
6 2934
24 888
23 888
11 888
40 4483
39 4483
19 4483
47 6833
46 6833
42 6833
32 2082
31 2082
24 2082
50 8372
49 8372
41 8372
46 6561
45 6561
14 6561
51 8808
50 8808
25 8808
52 9759
51 9759
38 9759
52 9559
51 9559
27 9559
46 6609
45 6609
6 6609
43 5393
42 5393
14 5393
37 3168
36 3168
25 3168
32 2247
31 2247
31 2247
24 921
23 921
18 921
25 1040
24 1040
20 1040
51 8843
50 8843
9 8843
52 9687
51 9687
18 9687
35 2940
34 2940
13 2940
50 8762
49 8762
35 8762
47 7173
46 7173
15 7173
49 8141
48 8141
5 8141
25 977
24 977
2 977
35 3013
34 3013
29 3013
53 9826
52 9826
50 9826
49 8222
48 8222
17 8222
50 8364
49 8364
21 8364
45 6230
44 6230
2 6230
45 6168
44 6168
40 6168
50 8607
49 8607
14 8607
51 9283
50 9283
3 9283
39 4016
38 4016
15 4016
40 4380
39 4380
5 4380
51 8869
50 8869
47 8869
51 9129
50 9129
29 9129
41 4395
40 4395
6 4395
30 1779
29 1779
28 1779
52 9333
51 9333
35 9333
46 6597
45 6597
28 6597
40 4122
39 4122
23 4122
43 5617
42 5617
18 5617
37 3428
36 3428
44 3428
9 27
8 27
41 27
51 8914
50 8914
15 8914
45 6348
44 6348
9 6348
51 8967
50 8967
6 8967
37 3264
36 3264
38 3264
46 6489
45 6489
43 6489
28 1352
27 1352
10 1352
49 7970
48 7970
32 7970
47 7081
46 7081
38 7081
16 227
15 227
1 227
46 6700
45 6700
25 6700
18 396
17 396
13 396
39 3916
38 3916
43 3916
46 6693
45 6693
30 6693
42 5163
41 5163
20 5163
37 3465
36 3465
28 3465
33 2413
32 2413
7 2413
50 8597
49 8597
29 8597
35 2970
34 2970
47 2970
38 3582
37 3582
20 3582
47 7056
46 7056
21 7056
38 3688
37 3688
17 3688
41 4544
40 4544
8 4544
44 5839
43 5839
27 5839
19 349
18 349
32 349
39 3970
38 3970
42 3970
20 464
19 464
40 464
52 9267
51 9267
1 9267
43 5526
42 5526
20 5526
52 9400
51 9400
50 9400
46 6640
45 6640
43 6640
48 7645
47 7645
33 7645
43 5122
42 5122
50 5122
47 7296
46 7296
45 7296
48 7268
47 7268
27 7268
49 7940
48 7940
46 7940
41 4660
40 4660
42 4660
42 5070
41 5070
4 5070
44 5618
43 5618
40 5618
51 9307
50 9307
43 9307
44 5635
43 5635
3 5635
39 3944
38 3944
36 3944
48 7679
47 7679
20 7679
32 2233
31 2233
39 2233
32 2163
31 2163
5 2163
29 1683
28 1683
27 1683
45 6144
44 6144
31 6144
28 1393
27 1393
7 1393
44 5898
43 5898
6 5898
51 9026
50 9026
49 9026
50 8441
49 8441
51 8441
31 1961
30 1961
6 1961
48 7307
47 7307
13 7307
34 2492
33 2492
28 2492
17 272
16 272
13 272
47 6806
46 6806
8 6806
32 2205
31 2205
40 2205
52 9910
51 9910
20 9910
30 1642
29 1642
1 1642
35 2798
34 2798
13 2798
20 452
19 452
32 452
40 4132
39 4132
50 4132
51 9195
50 9195
41 9195
45 6116
44 6116
15 6116
49 8069
48 8069
47 8069
50 8779
49 8779
23 8779
27 1178
26 1178
25 1178
37 3358
36 3358
39 3358
31 1942
30 1942
32 1942
46 6577
45 6577
37 6577
49 8025
48 8025
35 8025
28 1441
27 1441
46 1441
49 8154
48 8154
42 8154
50 8731
49 8731
20 8731
52 9536
51 9536
40 9536
52 9298
51 9298
45 9298
44 5880
43 5880
1 5880
49 8029
48 8029
18 8029
30 1794
29 1794
4 1794
49 8262
48 8262
32 8262
46 6596
45 6596
49 6596
47 7180
46 7180
50 7180
52 9397
51 9397
17 9397
42 4898
41 4898
34 4898
52 9651
51 9651
41 9651
45 5934
44 5934
48 5934
49 8222
48 8222
31 8222
42 5067
41 5067
50 5067
26 1098
25 1098
13 1098
43 5287
42 5287
30 5287
46 6465
45 6465
28 6465
49 8133
48 8133
34 8133
44 5759
43 5759
22 5759
32 2157
31 2157
3 2157
50 8644
49 8644
48 8644
42 5239
41 5239
11 5239
49 8278
48 8278
33 8278
21 612
20 612
47 612
50 8332
49 8332
41 8332
42 4853
41 4853
29 4853
30 1796
29 1796
11 1796
39 3857
38 3857
31 3857
51 9214
50 9214
3 9214
33 2372
32 2372
7 2372
26 1150
25 1150
25 1150
41 4826
40 4826
29 4826
33 2446
32 2446
29 2446
48 7528
47 7528
8 7528
47 7129
46 7129
49 7129
29 1476
28 1476
49 1476
44 5762
43 5762
13 5762
53 9928
52 9928
10 9928
38 3547
37 3547
2 3547
49 8355
48 8355
29 8355
33 2238
32 2238
39 2238
29 1623
28 1623
50 1623
38 3752
37 3752
26 3752
51 9084
50 9084
16 9084
47 7112
46 7112
9 7112
31 1932
30 1932
17 1932
49 8149
48 8149
27 8149
51 9077
50 9077
5 9077
44 5861
43 5861
19 5861
49 7882
48 7882
51 7882
51 9111
50 9111
33 9111
46 6546
45 6546
29 6546
28 1450
27 1450
4 1450
46 6520
45 6520
15 6520
52 9299
51 9299
12 9299
13 121
12 121
20 121
23 716
22 716
45 716
45 6025
44 6025
40 6025
49 8143
48 8143
11 8143
19 414
18 414
23 414
34 2783
33 2783
1 2783
31 1971
30 1971
44 1971
51 9151
50 9151
46 9151
17 279
16 279
7 279
50 8488
49 8488
22 8488
31 1932
30 1932
24 1932
43 5352
42 5352
46 5352
49 7960
48 7960
2 7960
30 1694
29 1694
4 1694
48 7543
47 7543
37 7543
23 767
22 767
24 767
44 5783
43 5783
28 5783
33 2340
32 2340
26 2340
45 5962
44 5962
32 5962
15 170
14 170
49 170
35 2664
34 2664
26 2664
47 6848
46 6848
37 6848
34 2698
33 2698
29 2698
36 3052
35 3052
42 3052
18 352
17 352
38 352
50 8455
49 8455
23 8455
9 28
8 28
26 28
20 476
19 476
4 476
49 7989
48 7989
32 7989
25 925
24 925
33 925
50 8565
49 8565
8 8565
47 6990
46 6990
29 6990
33 2315
32 2315
41 2315
44 5480
43 5480
39 5480
39 4058
38 4058
24 4058
10 55
9 55
16 55
28 1496
27 1496
43 1496
48 7565
47 7565
43 7565
44 5920
43 5920
15 5920
43 5165
42 5165
15 5165
13 128
12 128
2 128
19 368
18 368
17 368
46 6604
45 6604
49 6604
50 8147
49 8147
48 8147
37 3465
36 3465
11 3465
18 327
17 327
43 327
35 2835
34 2835
41 2835
44 5712
43 5712
27 5712
38 3607
37 3607
52 3607
52 9559
51 9559
26 9559
27 1194
26 1194
2 1194
42 5080
41 5080
44 5080
46 6720
45 6720
37 6720
46 6581
45 6581
30 6581
38 3541
37 3541
42 3541
26 1073
25 1073
22 1073
51 9112
50 9112
35 9112
26 1029
25 1029
4 1029
52 9691
51 9691
50 9691
51 9486
50 9486
37 9486
32 2101
31 2101
52 2101
50 8397
49 8397
35 8397
47 7136
46 7136
51 7136
44 5558
43 5558
2 5558
31 2043
30 2043
12 2043
52 9889
51 9889
42 9889
38 3784
37 3784
9 3784
27 1293
26 1293
22 1293
32 2207
31 2207
44 2207
32 2008
31 2008
42 2008
33 2218
32 2218
26 2218
42 4952
41 4952
34 4952
11 71
10 71
6 71
39 3941
38 3941
9 3941
34 2585
33 2585
28 2585
51 9164
50 9164
39 9164
51 8919
50 8919
50 8919
39 3902
38 3902
8 3902
35 2716
34 2716
6 2716
20 446
19 446
22 446
49 8261
48 8261
5 8261
40 4247
39 4247
15 4247
48 7654
47 7654
37 7654
30 1812
29 1812
1 1812
47 7237
46 7237
21 7237
51 9382
50 9382
23 9382
37 3294
36 3294
44 3294
41 4578
40 4578
47 4578
