10000
33 2375
32 2375
7107 2375
48 7677
47 7677
922 7677
52 9569
51 9569
3721 9569
39 3962
38 3962
1118 3962
44 5943
43 5943
7282 5943
20 474
19 474
5052 474
24 903
23 903
6467 903
38 3720
37 3720
5653 3720
51 8771
50 8771
6727 8771
50 8351
49 8351
8381 8351
49 7811
48 7811
7770 7811
51 9264
50 9264
2154 9264
29 1585
28 1585
7823 1585
41 4688
40 4688
2329 4688
50 8507
49 8507
8203 8507
44 5862
43 5862
6666 5862
38 3540
37 3540
8519 3540
27 1297
26 1297
5631 1297
49 7891
48 7891
9713 7891
34 2593
33 2593
2449 2593
41 4706
40 4706
5579 4706
52 9674
51 9674
7499 9674
19 368
18 368
2523 368
20 436
19 436
4189 436
34 2592
33 2592
8202 2592
42 4989
41 4989
970 4989
51 9288
50 9288
1733 9288
45 5973
44 5973
3258 5973
46 6835
45 6835
143 6835
52 9904
51 9904
169 9904
50 8351
49 8351
2125 8351
44 5848
43 5848
7702 5848
36 3184
35 3184
2824 3184
49 8185
48 8185
3877 8185
50 8747
49 8747
9855 8747
43 5219
42 5219
2462 5219
47 6956
46 6956
5938 6956
49 8284
48 8284
251 8284
47 6992
46 6992
472 6992
47 7147
46 7147
574 7147
40 4315
39 4315
5866 4315
21 558
20 558
2969 558
49 7908
48 7908
2822 7908
43 5381
42 5381
7971 5381
28 1396
27 1396
5533 1396
39 3860
38 3860
8378 3860
30 1819
29 1819
453 1819
47 7029
46 7029
3612 7029
43 5371
42 5371
8007 5371
39 3812
38 3812
5132 3812
45 6075
44 6075
8178 6075
21 529
20 529
5779 529
49 7877
48 7877
7078 7877
46 6658
45 6658
7757 6658
46 6504
45 6504
330 6504
45 5934
44 5934
5896 5934
49 7894
48 7894
2775 7894
26 1155
25 1155
4600 1155
49 8231
48 8231
7179 8231
44 5744
43 5744
1878 5744
49 7941
48 7941
3879 7941
52 9596
51 9596
4940 9596
41 4638
40 4638
513 4638
37 3261
36 3261
266 3261
48 7638
47 7638
8067 7638
51 8914
50 8914
6293 8914
43 5378
42 5378
5386 5378
44 5722
43 5722
2179 5722
32 2141
31 2141
792 2141
42 4923
41 4923
8656 4923
36 3142
35 3142
9522 3142
31 1932
30 1932
5019 1932
44 5825
43 5825
6642 5825
38 3658
37 3658
5177 3658
46 6738
45 6738
8326 6738
46 6663
45 6663
8882 6663
37 3413
36 3413
4895 3413
33 2262
32 2262
6479 2262
50 8569
49 8569
8851 8569
46 6465
45 6465
9458 6465
51 9471
50 9471
4364 9471
43 5235
42 5235
990 5235
53 9952
52 9952
1751 9952
33 2367
32 2367
7803 2367
23 725
22 725
4374 725
42 5175
41 5175
3076 5175
47 7197
46 7197
6910 7197
29 1573
28 1573
4024 1573
52 9834
51 9834
8506 9834
26 1013
25 1013
2332 1013
47 7316
46 7316
6982 7316
52 9417
51 9417
423 9417
43 5364
42 5364
7348 5364
31 2052
30 2052
9796 2052
24 858
23 858
1083 858
27 1296
26 1296
9940 1296
41 4664
40 4664
8947 4664
44 5864
43 5864
7369 5864
42 4917
41 4917
1754 4917
42 5070
41 5070
6460 5070
41 4588
40 4588
7650 4588
44 5942
43 5942
4905 5942
51 9258
50 9258
3664 9258
46 6489
45 6489
4398 6489
35 2899
34 2899
2223 2899
41 4612
40 4612
5247 4612
51 9261
50 9261
8075 9261
15 182
14 182
1173 182
47 7155
46 7155
6823 7155
36 3157
35 3157
8250 3157
15 195
14 195
9879 195
38 3546
37 3546
1214 3546
19 433
18 433
8662 433
38 3728
37 3728
710 3728
25 978
24 978
3410 978
29 1609
28 1609
1991 1609
47 6834
46 6834
3979 6834
44 5945
43 5945
5775 5945
51 9214
50 9214
4632 9214
42 4953
41 4953
7421 4953
17 283
16 283
7777 283
41 4773
40 4773
6916 4773
33 2413
32 2413
9286 2413
52 9646
51 9646
5228 9646
41 4768
40 4768
9206 4768
41 4617
40 4617
2401 4617
50 8835
49 8835
8921 8835
45 6239
44 6239
1394 6239
45 6056
44 6056
3703 6056
51 9163
50 9163
5459 9163
44 5654
43 5654
6607 5654
37 3295
36 3295
1387 3295
26 1191
25 1191
1953 1191
48 7535
47 7535
9031 7535
46 6634
45 6634
228 6634
47 7188
46 7188
9237 7188
29 1618
28 1618
2337 1618
51 9130
50 9130
7994 9130
52 9829
51 9829
806 9829
49 8162
48 8162
3197 8162
11 61
10 61
7843 61
34 2577
33 2577
121 2577
51 8859
50 8859
4064 8859
51 9439
50 9439
1343 9439
24 815
23 815
1494 815
50 8361
49 8361
6962 8361
43 5217
42 5217
5073 5217
51 8800
50 8800
6153 8800
47 7068
46 7068
8485 7068
22 648
21 648
7280 648
46 6829
45 6829
7478 6829
41 4442
40 4442
6391 4442
47 6872
46 6872
2174 6872
39 3858
38 3858
5873 3858
48 7571
47 7571
3691 7571
49 7873
48 7873
2791 7873
36 3178
35 3178
1678 3178
22 668
21 668
8259 668
34 2617
33 2617
4397 2617
51 9259
50 9259
549 9259
49 7989
48 7989
9377 7989
34 2603
33 2603
66 2603
44 5604
43 5604
3033 5604
38 3661
37 3661
9407 3661
31 1888
30 1888
7334 1888
39 4036
38 4036
8202 4036
43 5399
42 5399
1565 5399
50 8427
49 8427
6098 8427
51 9310
50 9310
6984 9310
32 2141
31 2141
6042 2141
49 7866
48 7866
9013 7866
39 4011
38 4011
7754 4011
30 1813
29 1813
6789 1813
37 3290
36 3290
5630 3290
41 4479
40 4479
7246 4479
53 9890
52 9890
1637 9890
19 442
18 442
1258 442
31 1920
30 1920
915 1920
41 4541
40 4541
70 4541
41 4708
40 4708
7567 4708
36 2963
35 2963
116 2963
33 2388
32 2388
5398 2388
52 9625
51 9625
2329 9625
34 2760
33 2760
774 2760
51 9091
50 9091
815 9091
45 5852
44 5852
4596 5852
49 8135
48 8135
3444 8135
33 2369
32 2369
5671 2369
46 6416
45 6416
1258 6416
39 3883
38 3883
9626 3883
23 780
22 780
6869 780
29 1604
28 1604
5214 1604
48 7375
47 7375
1040 7375
37 3448
36 3448
6693 3448
50 8750
49 8750
1368 8750
49 8008
48 8008
2680 8008
40 4501
39 4501
9727 4501
52 9639
51 9639
4802 9639
44 5762
43 5762
9018 5762
24 832
23 832
1475 832
19 359
18 359
2548 359
25 989
24 989
4127 989
49 8283
48 8283
3337 8283
50 8897
49 8897
6284 8897
50 8282
49 8282
108 8282
42 5040
41 5040
4151 5040
29 1649
28 1649
5617 1649
51 9346
50 9346
656 9346
40 4563
39 4563
6099 4563
36 3267
35 3267
8041 3267
37 3286
36 3286
1295 3286
26 1078
25 1078
507 1078
41 4423
40 4423
5512 4423
41 4701
40 4701
768 4701
49 8082
48 8082
5889 8082
39 3955
38 3955
5610 3955
30 1658
29 1658
9430 1658
30 1730
29 1730
5771 1730
48 7783
47 7783
2803 7783
51 9133
50 9133
459 9133
16 227
15 227
4715 227
48 7384
47 7384
2774 7384
42 5212
41 5212
6882 5212
40 4426
39 4426
8875 4426
38 3766
37 3766
7796 3766
42 4818
41 4818
1694 4818
47 6806
46 6806
1676 6806
51 9263
50 9263
8742 9263
49 7895
48 7895
9437 7895
41 4551
40 4551
3584 4551
43 5433
42 5433
6893 5433
44 5921
43 5921
7594 5921
47 7293
46 7293
1301 7293
48 7675
47 7675
5017 7675
47 7322
46 7322
9218 7322
41 4644
40 4644
6403 4644
48 7340
47 7340
1079 7340
35 2723
34 2723
6454 2723
26 1119
25 1119
3209 1119
47 6990
46 6990
1391 6990
15 184
14 184
9089 184
43 5540
42 5540
3636 5540
41 4605
40 4605
2478 4605
41 4372
40 4372
5291 4372
41 4760
40 4760
9024 4760
53 9891
52 9891
5648 9891
46 6823
45 6823
6894 6823
52 9707
51 9707
4083 9707
52 9423
51 9423
945 9423
46 6630
45 6630
5720 6630
39 3957
38 3957
3943 3957
44 5479
43 5479
5189 5479
42 4995
41 4995
1169 4995
48 7729
47 7729
279 7729
51 8985
50 8985
1893 8985
44 5742
43 5742
509 5742
47 6938
46 6938
5516 6938
41 4681
40 4681
1963 4681
43 5179
42 5179
9877 5179
46 6660
45 6660
2777 6660
35 2759
34 2759
6449 2759
21 611
20 611
6898 611
34 2637
33 2637
4661 2637
49 7807
48 7807
8870 7807
50 8928
49 8928
8907 8928
51 9205
50 9205
9896 9205
35 2678
34 2678
4785 2678
33 2484
32 2484
1216 2484
37 3338
36 3338
5304 3338
39 3907
38 3907
8697 3907
50 8475
49 8475
4230 8475
48 7496
47 7496
1252 7496
52 9482
51 9482
981 9482
46 6625
45 6625
1300 6625
37 3456
36 3456
2817 3456
26 1103
25 1103
5952 1103
46 6630
45 6630
7070 6630
53 9895
52 9895
8197 9895
38 3546
37 3546
9008 3546
45 6288
44 6288
4801 6288
35 2753
34 2753
9874 2753
42 4919
41 4919
5721 4919
52 9615
51 9615
6096 9615
46 6605
45 6605
5652 6605
44 5905
43 5905
3196 5905
50 8375
49 8375
7469 8375
50 8643
49 8643
5372 8643
39 4158
38 4158
805 4158
21 555
20 555
8794 555
45 5933
44 5933
3038 5933
47 6892
46 6892
4675 6892
35 2838
34 2838
1249 2838
30 1795
29 1795
1433 1795
39 4077
38 4077
3609 4077
26 1103
25 1103
113 1103
46 6667
45 6667
3766 6667
25 896
24 896
6742 896
44 5916
43 5916
6315 5916
25 959
24 959
7124 959
50 8673
49 8673
6977 8673
49 8070
48 8070
4765 8070
47 6879
46 6879
2850 6879
43 5491
42 5491
136 5491
32 2191
31 2191
8382 2191
12 74
11 74
3357 74
52 9788
51 9788
4681 9788
42 4992
41 4992
2170 4992
27 1320
26 1320
1035 1320
52 9489
51 9489
9009 9489
42 5175
41 5175
1663 5175
36 3082
35 3082
2344 3082
38 3569
37 3569
420 3569
47 7183
46 7183
3959 7183
43 5285
42 5285
5919 5285
29 1639
28 1639
1917 1639
43 5409
42 5409
8103 5409
52 9691
51 9691
2988 9691
29 1515
28 1515
936 1515
48 7611
47 7611
1305 7611
50 8299
49 8299
3345 8299
36 2984
35 2984
2605 2984
51 9054
50 9054
4614 9054
46 6667
45 6667
3030 6667
45 6101
44 6101
7278 6101
36 3213
35 3213
8086 3213
45 5972
44 5972
821 5972
28 1437
27 1437
2115 1437
19 435
18 435
8316 435
34 2701
33 2701
9910 2701
42 4928
41 4928
9940 4928
40 4181
39 4181
7452 4181
36 3068
35 3068
6199 3068
44 5903
43 5903
9256 5903
38 3561
37 3561
559 3561
28 1497
27 1497
1983 1497
32 2098
31 2098
2061 2098
41 4630
40 4630
570 4630
50 8756
49 8756
9347 8756
16 253
15 253
5000 253
52 9869
51 9869
7354 9869
37 3385
36 3385
8249 3385
14 180
13 180
4877 180
44 5799
43 5799
5268 5799
29 1584
28 1584
4652 1584
33 2443
32 2443
1538 2443
52 9727
51 9727
1771 9727
43 5291
42 5291
5248 5291
44 5937
43 5937
7184 5937
32 2114
31 2114
1425 2114
42 4907
41 4907
664 4907
43 5247
42 5247
4922 5247
43 5237
42 5237
8642 5237
49 7859
48 7859
5316 7859
45 6236
44 6236
3090 6236
48 7543
47 7543
7886 7543
33 2369
32 2369
2112 2369
35 2787
34 2787
2489 2787
50 8391
49 8391
8327 8391
49 8024
48 8024
6458 8024
47 7177
46 7177
9046 7177
51 8935
50 8935
9211 8935
33 2530
32 2530
50 2530
37 3432
36 3432
3193 3432
41 4499
40 4499
8434 4499
44 5701
43 5701
1272 5701
49 8384
48 8384
8418 8384
43 5147
42 5147
8987 5147
11 67
10 67
2817 67
41 4672
40 4672
60 4672
28 1432
27 1432
738 1432
43 5095
42 5095
3018 5095
32 2175
31 2175
8895 2175
48 7629
47 7629
7174 7629
39 3982
38 3982
5905 3982
48 7345
47 7345
9317 7345
40 4124
39 4124
8873 4124
51 9107
50 9107
625 9107
21 535
20 535
6075 535
26 1132
25 1132
5080 1132
51 9279
50 9279
3902 9279
53 9974
52 9974
7867 9974
49 8185
48 8185
9069 8185
35 2816
34 2816
4496 2816
39 3836
38 3836
7224 3836
25 971
24 971
6049 971
37 3351
36 3351
1284 3351
46 6575
45 6575
6603 6575
38 3785
37 3785
3479 3785
51 8871
50 8871
1680 8871
13 104
12 104
8301 104
51 9184
50 9184
6853 9184
42 4907
41 4907
3382 4907
36 3231
35 3231
2229 3231
24 880
23 880
1429 880
33 2392
32 2392
7084 2392
51 9351
50 9351
9986 9351
37 3255
36 3255
4172 3255
52 9444
51 9444
633 9444
43 5515
42 5515
2203 5515
46 6497
45 6497
3337 6497
45 6390
44 6390
371 6390
30 1754
29 1754
2647 1754
38 3582
37 3582
1282 3582
25 943
24 943
3416 943
52 9711
51 9711
5432 9711
47 7381
46 7381
8906 7381
40 4183
39 4183
2891 4183
36 3141
35 3141
3435 3141
50 8617
49 8617
9925 8617
41 4412
40 4412
4480 4412
21 571
20 571
6277 571
48 7578
47 7578
2480 7578
50 8439
49 8439
1818 8439
36 3059
35 3059
5431 3059
51 9438
50 9438
4636 9438
41 4817
40 4817
292 4817
50 8544
49 8544
9443 8544
48 7615
47 7615
1771 7615
47 6997
46 6997
1421 6997
34 2447
33 2447
8819 2447
29 1575
28 1575
4780 1575
49 8006
48 8006
3128 8006
52 9478
51 9478
2950 9478
17 315
16 315
9338 315
25 947
24 947
36 947
47 7275
46 7275
2701 7275
51 9109
50 9109
4499 9109
37 3400
36 3400
8872 3400
52 9559
51 9559
6694 9559
38 3445
37 3445
4966 3445
48 7512
47 7512
3649 7512
48 7692
47 7692
3591 7692
20 521
19 521
7424 521
32 2184
31 2184
8432 2184
41 4755
40 4755
1102 4755
39 4059
38 4059
7687 4059
52 9646
51 9646
7678 9646
26 1081
25 1081
872 1081
49 7947
48 7947
214 7947
45 6267
44 6267
8883 6267
50 8412
49 8412
1023 8412
28 1358
27 1358
4507 1358
43 5590
42 5590
1783 5590
50 8273
49 8273
216 8273
45 6310
44 6310
4190 6310
45 6250
44 6250
470 6250
35 2905
34 2905
9836 2905
34 2610
33 2610
9556 2610
23 738
22 738
8410 738
16 212
15 212
2966 212
34 2712
33 2712
1108 2712
11 66
10 66
7684 66
50 8629
49 8629
2910 8629
52 9616
51 9616
4568 9616
35 2680
34 2680
796 2680
28 1415
27 1415
8756 1415
32 2180
31 2180
3704 2180
45 6243
44 6243
5530 6243
36 3039
35 3039
7855 3039
40 4198
39 4198
8754 4198
41 4580
40 4580
1764 4580
24 915
23 915
2295 915
44 5681
43 5681
9580 5681
50 8755
49 8755
1898 8755
43 5482
42 5482
7649 5482
46 6916
45 6916
6926 6916
37 3588
36 3588
7376 3588
36 3204
35 3204
6538 3204
36 3098
35 3098
650 3098
49 8090
48 8090
4842 8090
48 7340
47 7340
38 7340
31 1886
30 1886
4831 1886
49 8171
48 8171
7357 8171
48 7564
47 7564
3114 7564
52 9871
51 9871
4157 9871
52 9622
51 9622
5557 9622
43 5233
42 5233
8295 5233
48 7519
47 7519
9306 7519
52 9585
51 9585
6434 9585
38 3664
37 3664
9113 3664
46 6817
45 6817
2693 6817
49 8022
48 8022
2743 8022
37 3287
36 3287
9536 3287
48 7794
47 7794
8346 7794
48 7791
47 7791
292 7791
24 872
23 872
6030 872
40 4375
39 4375
838 4375
49 8161
48 8161
7682 8161
19 418
18 418
4753 418
53 9929
52 9929
9020 9929
33 2486
32 2486
6897 2486
39 3985
38 3985
2801 3985
34 2557
33 2557
8728 2557
46 6558
45 6558
4974 6558
31 1912
30 1912
8780 1912
45 6392
44 6392
8002 6392
46 6823
45 6823
2791 6823
34 2620
33 2620
7969 2620
48 7762
47 7762
2550 7762
21 539
20 539
5122 539
18 307
17 307
6187 307
45 6073
44 6073
4082 6073
50 8282
49 8282
6763 8282
45 5966
44 5966
8208 5966
46 6568
45 6568
6833 6568
22 648
21 648
3966 648
39 4052
38 4052
8857 4052
31 1959
30 1959
4438 1959
40 4313
39 4313
5558 4313
30 1664
29 1664
5747 1664
52 9942
51 9942
5068 9942
36 3163
35 3163
8004 3163
46 6636
45 6636
6070 6636
50 8677
49 8677
2860 8677
40 4116
39 4116
5313 4116
52 9535
51 9535
3445 9535
43 5127
42 5127
143 5127
47 7004
46 7004
2824 7004
38 3732
37 3732
9750 3732
50 8615
49 8615
8230 8615
38 3757
37 3757
6574 3757
50 8267
49 8267
2835 8267
35 2858
34 2858
2263 2858
50 8425
49 8425
581 8425
17 260
16 260
5136 260
41 4470
40 4470
9513 4470
47 7083
46 7083
3153 7083
41 4650
40 4650
3999 4650
46 6577
45 6577
6146 6577
52 9874
51 9874
3865 9874
44 5917
43 5917
9378 5917
51 9198
50 9198
4848 9198
29 1641
28 1641
4257 1641
45 6372
44 6372
2735 6372
46 6757
45 6757
8998 6757
48 7563
47 7563
4966 7563
28 1441
27 1441
6329 1441
50 8641
49 8641
2808 8641
18 342
17 342
4026 342
48 7398
47 7398
4045 7398
50 8622
49 8622
4905 8622
42 5214
41 5214
4577 5214
34 2760
33 2760
9659 2760
46 6435
45 6435
5971 6435
49 8229
48 8229
9516 8229
18 385
17 385
2615 385
48 7630
47 7630
615 7630
50 8521
49 8521
245 8521
46 6491
45 6491
7808 6491
41 4398
40 4398
519 4398
51 8893
50 8893
4379 8893
50 8346
49 8346
3711 8346
31 1957
30 1957
4449 1957
39 4090
38 4090
8910 4090
49 8171
48 8171
8930 8171
52 9646
51 9646
9390 9646
35 2936
34 2936
46 2936
50 8491
49 8491
4810 8491
35 2684
34 2684
5467 2684
34 2568
33 2568
8641 2568
40 4217
39 4217
1410 4217
47 7172
46 7172
5174 7172
36 3077
35 3077
690 3077
50 8238
49 8238
2274 8238
19 444
18 444
2044 444
51 9068
50 9068
8769 9068
43 5452
42 5452
8661 5452
37 3349
36 3349
2657 3349
47 6808
46 6808
935 6808
50 8455
49 8455
5574 8455
53 9974
52 9974
4576 9974
50 8689
49 8689
9001 8689
31 1937
30 1937
4689 1937
33 2442
32 2442
8692 2442
52 9879
51 9879
8528 9879
27 1225
26 1225
503 1225
13 107
12 107
5974 107
44 5658
43 5658
3527 5658
36 3060
35 3060
5426 3060
31 1983
30 1983
3449 1983
51 8909
50 8909
1477 8909
38 3757
37 3757
5595 3757
47 7155
46 7155
2340 7155
31 1867
30 1867
7116 1867
47 7130
46 7130
745 7130
46 6582
45 6582
7663 6582
52 9304
51 9304
3666 9304
34 2688
33 2688
5708 2688
44 5817
43 5817
6081 5817
32 2140
31 2140
3327 2140
33 2457
32 2457
2922 2457
11 84
10 84
1239 84
52 9501
51 9501
4744 9501
18 324
17 324
9208 324
43 5514
42 5514
8232 5514
32 2172
31 2172
1258 2172
47 7116
46 7116
2652 7116
34 2673
33 2673
3687 2673
32 2145
31 2145
5497 2145
51 9308
50 9308
9569 9308
44 5740
43 5740
201 5740
44 5817
43 5817
506 5817
41 4690
40 4690
906 4690
44 5642
43 5642
1081 5642
35 2944
34 2944
3822 2944
23 738
22 738
4620 738
30 1747
29 1747
8905 1747
38 3691
37 3691
6241 3691
48 7502
47 7502
4326 7502
51 9232
50 9232
3787 9232
33 2520
32 2520
7714 2520
52 9875
51 9875
7875 9875
51 8955
50 8955
8335 8955
34 2760
33 2760
6229 2760
46 6454
45 6454
5571 6454
44 5816
43 5816
4879 5816
50 8332
49 8332
7526 8332
44 5680
43 5680
7973 5680
49 7923
48 7923
2120 7923
47 6783
46 6783
8288 6783
39 4134
38 4134
7064 4134
47 7227
46 7227
6634 7227
27 1332
26 1332
5294 1332
26 1197
25 1197
691 1197
52 9518
51 9518
7250 9518
39 4016
38 4016
7567 4016
40 4429
39 4429
6066 4429
45 5910
44 5910
2374 5910
42 4921
41 4921
960 4921
33 2307
32 2307
7107 2307
19 403
18 403
4402 403
7 16
6 16
6758 16
32 2236
31 2236
5105 2236
47 6985
46 6985
5170 6985
49 7980
48 7980
3386 7980
12 80
11 80
4607 80
21 540
20 540
736 540
31 1880
30 1880
7369 1880
51 9324
50 9324
7928 9324
17 266
16 266
1871 266
41 4398
40 4398
2811 4398
43 5155
42 5155
8917 5155
42 4937
41 4937
1319 4937
47 7124
46 7124
1554 7124
51 9255
50 9255
8367 9255
42 5073
41 5073
803 5073
33 2263
32 2263
4038 2263
45 6211
44 6211
9830 6211
47 6859
46 6859
8488 6859
42 4854
41 4854
2544 4854
49 7995
48 7995
9538 7995
21 587
20 587
984 587
44 5825
43 5825
6293 5825
49 8103
48 8103
5497 8103
52 9755
51 9755
935 9755
45 6370
44 6370
6676 6370
32 2077
31 2077
3809 2077
41 4602
40 4602
3836 4602
38 3644
37 3644
4578 3644
34 2557
33 2557
6968 2557
42 5139
41 5139
8266 5139
30 1810
29 1810
9300 1810
42 5250
41 5250
6832 5250
49 7777
48 7777
9776 7777
41 4522
40 4522
2653 4522
23 710
22 710
8335 710
52 9682
51 9682
3231 9682
48 7538
47 7538
3290 7538
41 4789
40 4789
7623 4789
45 6330
44 6330
123 6330
48 7346
47 7346
1867 7346
46 6774
45 6774
4546 6774
42 4891
41 4891
8533 4891
44 5955
43 5955
9027 5955
26 1062
25 1062
4241 1062
44 5602
43 5602
5558 5602
46 6751
45 6751
5779 6751
35 2839
34 2839
5830 2839
24 852
23 852
8879 852
30 1754
29 1754
2931 1754
17 312
16 312
8207 312
24 921
23 921
752 921
49 8080
48 8080
2977 8080
50 8596
49 8596
5829 8596
40 4393
39 4393
8214 4393
52 10000
51 10000
8798 10000
33 2352
32 2352
5061 2352
40 4213
39 4213
2746 4213
49 8008
48 8008
7173 8008
28 1392
27 1392
1789 1392
38 3688
37 3688
2774 3688
33 2530
32 2530
510 2530
38 3578
37 3578
2457 3578
32 2062
31 2062
7386 2062
20 494
19 494
2067 494
52 9583
51 9583
6479 9583
19 420
18 420
6239 420
49 8048
48 8048
9938 8048
52 9526
51 9526
105 9526
46 6530
45 6530
105 6530
43 5436
42 5436
4947 5436
47 6809
46 6809
9378 6809
43 5541
42 5541
8339 5541
26 1087
25 1087
2587 1087
50 8757
49 8757
483 8757
42 4720
41 4720
9767 4720
23 801
22 801
3280 801
52 9869
51 9869
7103 9869
31 2021
30 2021
4156 2021
45 6233
44 6233
7854 6233
31 1886
30 1886
701 1886
50 8255
49 8255
5284 8255
51 9089
50 9089
5547 9089
45 6154
44 6154
5221 6154
24 818
23 818
8501 818
38 3802
37 3802
6791 3802
45 6206
44 6206
8461 6206
46 6662
45 6662
5127 6662
47 7409
46 7409
8583 7409
44 5765
43 5765
3189 5765
47 7008
46 7008
863 7008
45 6340
44 6340
4307 6340
15 177
14 177
9312 177
50 8787
49 8787
9994 8787
30 1646
29 1646
4157 1646
39 3767
38 3767
6132 3767
37 3334
36 3334
91 3334
28 1530
27 1530
259 1530
52 9836
51 9836
5925 9836
42 4999
41 4999
3225 4999
24 902
23 902
2439 902
38 3774
37 3774
3198 3774
20 447
19 447
6740 447
50 8518
49 8518
3006 8518
49 7973
48 7973
7297 7973
16 230
15 230
6792 230
51 9291
50 9291
7831 9291
44 5722
43 5722
6208 5722
50 8601
49 8601
1924 8601
49 8084
48 8084
1549 8084
48 7815
47 7815
8155 7815
45 6105
44 6105
2460 6105
43 5302
42 5302
4751 5302
45 6000
44 6000
6347 6000
50 8567
49 8567
2764 8567
47 6871
46 6871
3567 6871
46 6449
45 6449
7599 6449
27 1293
26 1293
3822 1293
16 255
15 255
6617 255
29 1657
28 1657
726 1657
43 5248
42 5248
447 5248
35 2946
34 2946
580 2946
46 6678
45 6678
9597 6678
44 6004
43 6004
3070 6004
42 5191
41 5191
1710 5191
21 545
20 545
6362 545
50 8543
49 8543
7702 8543
44 5918
43 5918
9412 5918
49 8012
48 8012
4345 8012
36 3074
35 3074
8124 3074
52 9473
51 9473
3105 9473
35 2746
34 2746
6229 2746
44 6035
43 6035
4779 6035
38 3720
37 3720
1272 3720
52 9663
51 9663
810 9663
47 7055
46 7055
1599 7055
29 1570
28 1570
7443 1570
29 1545
28 1545
2186 1545
47 7231
46 7231
6448 7231
26 1137
25 1137
7277 1137
30 1725
29 1725
5389 1725
46 6665
45 6665
9936 6665
34 2455
33 2455
7310 2455
44 5958
43 5958
478 5958
36 3226
35 3226
711 3226
52 9695
51 9695
1622 9695
38 3578
37 3578
5570 3578
33 2305
32 2305
9470 2305
51 9309
50 9309
9101 9309
42 4942
41 4942
8635 4942
44 5582
43 5582
169 5582
31 1961
30 1961
7049 1961
49 8252
48 8252
7548 8252
41 4715
40 4715
1033 4715
52 9864
51 9864
3696 9864
50 8658
49 8658
3406 8658
46 6586
45 6586
9522 6586
49 7965
48 7965
6367 7965
47 6941
46 6941
9300 6941
51 8705
50 8705
5721 8705
44 5695
43 5695
9867 5695
25 919
24 919
2714 919
25 962
24 962
3521 962
50 8795
49 8795
6199 8795
22 702
21 702
6612 702
35 2686
34 2686
8167 2686
20 492
19 492
3765 492
37 3366
36 3366
6277 3366
36 3164
35 3164
9755 3164
15 201
14 201
5153 201
47 7280
46 7280
4909 7280
37 3397
36 3397
8448 3397
50 8511
49 8511
5676 8511
45 6187
44 6187
3848 6187
52 9555
51 9555
6774 9555
52 9855
51 9855
8101 9855
50 8507
49 8507
292 8507
47 6794
46 6794
5879 6794
46 6522
45 6522
8157 6522
45 6296
44 6296
6817 6296
49 8118
48 8118
864 8118
27 1275
26 1275
3740 1275
28 1306
27 1306
1999 1306
45 6022
44 6022
8434 6022
47 7092
46 7092
9646 7092
37 3378
36 3378
1075 3378
48 7751
47 7751
9096 7751
43 5180
42 5180
3059 5180
26 1147
25 1147
9498 1147
28 1413
27 1413
8234 1413
52 9752
51 9752
4374 9752
43 5489
42 5489
2211 5489
48 7599
47 7599
6882 7599
49 8121
48 8121
1725 8121
50 8593
49 8593
4999 8593
49 8281
48 8281
6605 8281
38 3461
37 3461
6738 3461
30 1794
29 1794
6074 1794
41 4678
40 4678
2021 4678
15 169
14 169
3680 169
45 6115
44 6115
4871 6115
28 1430
27 1430
4510 1430
46 6478
45 6478
4400 6478
29 1510
28 1510
4152 1510
30 1614
29 1614
5119 1614
46 6458
45 6458
3077 6458
52 9949
51 9949
5876 9949
48 7510
47 7510
6993 7510
44 5529
43 5529
5269 5529
24 818
23 818
4877 818
45 6023
44 6023
957 6023
21 493
20 493
378 493
50 8428
49 8428
3321 8428
39 3877
38 3877
1346 3877
42 4866
41 4866
2297 4866
37 3280
36 3280
9647 3280
46 6682
45 6682
3317 6682
25 1014
24 1014
8690 1014
30 1780
29 1780
245 1780
28 1300
27 1300
1213 1300
47 6872
46 6872
3352 6872
34 2490
33 2490
9337 2490
41 4752
40 4752
7342 4752
51 8974
50 8974
5489 8974
40 4044
39 4044
4334 4044
28 1352
27 1352
5605 1352
34 2668
33 2668
1697 2668
45 6340
44 6340
2665 6340
24 778
23 778
7781 778
43 5123
42 5123
1203 5123
29 1550
28 1550
7787 1550
50 8521
49 8521
6880 8521
48 7367
47 7367
7832 7367
51 9408
50 9408
3087 9408
37 3273
36 3273
9848 3273
52 9908
51 9908
8292 9908
48 7625
47 7625
4007 7625
13 118
12 118
8183 118
38 3715
37 3715
8966 3715
24 841
23 841
1971 841
24 901
23 901
6972 901
22 632
21 632
1847 632
45 6417
44 6417
6498 6417
50 8478
49 8478
648 8478
43 5327
42 5327
5750 5327
28 1452
27 1452
7661 1452
21 568
20 568
7561 568
48 7510
47 7510
2642 7510
31 1868
30 1868
1073 1868
37 3462
36 3462
5606 3462
30 1773
29 1773
7320 1773
46 6728
45 6728
4700 6728
44 5698
43 5698
5498 5698
11 61
10 61
638 61
52 9429
51 9429
9227 9429
51 9112
50 9112
5781 9112
52 9493
51 9493
1567 9493
25 980
24 980
6850 980
41 4421
40 4421
6592 4421
35 2923
34 2923
7801 2923
46 6507
45 6507
2572 6507
13 96
12 96
1713 96
42 4802
41 4802
6005 4802
52 9799
51 9799
501 9799
31 2040
30 2040
8959 2040
33 2312
32 2312
9749 2312
47 7137
46 7137
6181 7137
30 1775
29 1775
2470 1775
32 2210
31 2210
356 2210
37 3519
36 3519
5454 3519
49 8167
48 8167
333 8167
43 5290
42 5290
9497 5290
52 9821
51 9821
5400 9821
40 4298
39 4298
8007 4298
38 3560
37 3560
4988 3560
31 2060
30 2060
8939 2060
48 7247
47 7247
7800 7247
45 6128
44 6128
301 6128
40 4299
39 4299
5214 4299
47 7034
46 7034
3929 7034
47 7036
46 7036
578 7036
37 3268
36 3268
8494 3268
40 4180
39 4180
47 4180
48 7402
47 7402
3632 7402
35 2841
34 2841
6626 2841
50 8572
49 8572
6663 8572
33 2375
32 2375
3917 2375
29 1567
28 1567
6222 1567
41 4556
40 4556
661 4556
41 4780
40 4780
6468 4780
20 459
19 459
4741 459
33 2336
32 2336
4030 2336
52 9465
51 9465
2057 9465
46 6459
45 6459
4467 6459
36 3171
35 3171
4932 3171
49 8065
48 8065
9343 8065
41 4534
40 4534
2266 4534
34 2700
33 2700
993 2700
43 5318
42 5318
4998 5318
42 5079
41 5079
828 5079
50 8376
49 8376
7526 8376
27 1284
26 1284
4346 1284
30 1783
29 1783
474 1783
30 1768
29 1768
772 1768
50 8674
49 8674
2232 8674
25 922
24 922
8203 922
46 6476
45 6476
6123 6476
44 5831
43 5831
7795 5831
31 1916
30 1916
5903 1916
44 5729
43 5729
1922 5729
20 459
19 459
8519 459
45 6411
44 6411
6630 6411
48 7752
47 7752
8232 7752
27 1215
26 1215
428 1215
44 5607
43 5607
1675 5607
31 1912
30 1912
58 1912
52 9773
51 9773
1966 9773
47 6920
46 6920
7926 6920
38 3686
37 3686
8900 3686
40 4147
39 4147
9884 4147
47 6976
46 6976
6625 6976
40 4386
39 4386
8011 4386
45 6173
44 6173
382 6173
33 2370
32 2370
9785 2370
36 2917
35 2917
1531 2917
42 5010
41 5010
139 5010
46 6545
45 6545
792 6545
41 4616
40 4616
7550 4616
35 2993
34 2993
3899 2993
46 6749
45 6749
2273 6749
50 8551
49 8551
2045 8551
47 7100
46 7100
968 7100
30 1610
29 1610
8861 1610
19 423
18 423
267 423
49 8148
48 8148
6139 8148
46 6482
45 6482
2516 6482
52 9333
51 9333
9534 9333
40 4374
39 4374
2261 4374
43 5469
42 5469
3727 5469
50 8848
49 8848
8384 8848
51 9349
50 9349
1276 9349
41 4767
40 4767
6685 4767
44 6007
43 6007
2982 6007
43 5177
42 5177
5943 5177
52 9682
51 9682
2835 9682
51 8998
50 8998
6943 8998
47 7159
46 7159
4140 7159
51 9028
50 9028
7240 9028
48 7486
47 7486
7040 7486
52 9874
51 9874
1833 9874
24 930
23 930
7728 930
46 6485
45 6485
9870 6485
52 9601
51 9601
8513 9601
43 5221
42 5221
4455 5221
23 733
22 733
6701 733
49 8033
48 8033
5688 8033
44 6061
43 6061
8418 6061
40 4311
39 4311
7112 4311
21 557
20 557
1729 557
31 1981
30 1981
3330 1981
49 7977
48 7977
8112 7977
41 4491
40 4491
9878 4491
47 7126
46 7126
8617 7126
43 5198
42 5198
6649 5198
51 9354
50 9354
7465 9354
42 5015
41 5015
6337 5015
52 9727
51 9727
5633 9727
51 8986
50 8986
7498 8986
38 3796
37 3796
1673 3796
46 6624
45 6624
1971 6624
48 7404
47 7404
3096 7404
53 9861
52 9861
5346 9861
48 7660
47 7660
3757 7660
34 2522
33 2522
5228 2522
34 2513
33 2513
3561 2513
46 6708
45 6708
1886 6708
37 3480
36 3480
8227 3480
17 251
16 251
1831 251
46 6469
45 6469
7730 6469
31 1948
30 1948
5595 1948
49 7853
48 7853
7815 7853
50 8584
49 8584
8625 8584
34 2539
33 2539
9392 2539
23 771
22 771
4038 771
40 4462
39 4462
3126 4462
43 5509
42 5509
4249 5509
38 3737
37 3737
7360 3737
48 7580
47 7580
9948 7580
51 8915
50 8915
6205 8915
40 4536
39 4536
4969 4536
39 3893
38 3893
9759 3893
49 7774
48 7774
9323 7774
41 4766
40 4766
4890 4766
44 5702
43 5702
1713 5702
31 1874
30 1874
7001 1874
19 397
18 397
8286 397
22 615
21 615
9626 615
43 5476
42 5476
7819 5476
49 8310
48 8310
909 8310
29 1583
28 1583
5172 1583
49 8112
48 8112
7016 8112
44 5782
43 5782
5815 5782
30 1671
29 1671
5494 1671
51 9143
50 9143
3256 9143
34 2688
33 2688
9155 2688
51 8914
50 8914
1008 8914
52 9544
51 9544
2274 9544
41 4508
40 4508
5977 4508
35 3036
34 3036
759 3036
50 8845
49 8845
9540 8845
34 2591
33 2591
2606 2591
7 18
6 18
4563 18
28 1336
27 1336
7666 1336
45 6171
44 6171
9327 6171
46 6593
45 6593
8374 6593
19 382
18 382
8483 382
50 8585
49 8585
8032 8585
30 1746
29 1746
3871 1746
32 2115
31 2115
3177 2115
42 4885
41 4885
1446 4885
45 6101
44 6101
4654 6101
33 2311
32 2311
9072 2311
24 890
23 890
6754 890
47 6957
46 6957
7721 6957
45 6064
44 6064
1754 6064
20 511
19 511
1888 511
53 9963
52 9963
9055 9963
43 5449
42 5449
5785 5449
28 1376
27 1376
1216 1376
25 942
24 942
8315 942
49 8251
48 8251
7197 8251
50 8592
49 8592
9651 8592
52 9546
51 9546
1869 9546
30 1722
29 1722
2048 1722
52 9391
51 9391
7001 9391
46 6822
45 6822
5668 6822
43 5153
42 5153
7134 5153
35 2839
34 2839
8377 2839
52 9948
51 9948
2303 9948
36 2977
35 2977
570 2977
30 1708
29 1708
7169 1708
32 2236
31 2236
6661 2236
42 5046
41 5046
2622 5046
32 2180
31 2180
6768 2180
44 5664
43 5664
2547 5664
18 396
17 396
5713 396
40 4500
39 4500
4417 4500
40 4390
39 4390
9685 4390
47 6977
46 6977
7279 6977
47 6908
46 6908
9418 6908
49 8234
48 8234
1206 8234
42 4923
41 4923
9444 4923
33 2421
32 2421
6580 2421
46 6835
45 6835
3772 6835
51 9228
50 9228
4474 9228
28 1496
27 1496
3228 1496
47 7040
46 7040
4478 7040
27 1252
26 1252
1076 1252
52 9265
51 9265
9610 9265
42 4770
41 4770
537 4770
44 5975
43 5975
5707 5975
38 3669
37 3669
4192 3669
52 9724
51 9724
898 9724
51 8863
50 8863
4679 8863
31 1872
30 1872
7431 1872
38 3738
37 3738
9741 3738
40 4500
39 4500
1521 4500
48 7411
47 7411
4405 7411
43 5279
42 5279
8271 5279
48 7657
47 7657
4727 7657
50 8652
49 8652
7234 8652
50 8435
49 8435
847 8435
27 1258
26 1258
592 1258
40 4375
39 4375
668 4375
46 6427
45 6427
9715 6427
51 9220
50 9220
978 9220
41 4613
40 4613
7240 4613
43 5225
42 5225
169 5225
48 7476
47 7476
2033 7476
29 1579
28 1579
5563 1579
23 758
22 758
9971 758
52 9699
51 9699
8218 9699
36 3037
35 3037
6025 3037
33 2238
32 2238
6264 2238
44 5953
43 5953
6287 5953
29 1611
28 1611
4700 1611
50 8348
49 8348
2759 8348
38 3696
37 3696
3972 3696
46 6524
45 6524
6600 6524
42 4966
41 4966
5982 4966
28 1444
27 1444
1530 1444
39 3976
38 3976
125 3976
37 3307
36 3307
4491 3307
39 3832
38 3832
2282 3832
46 6587
45 6587
2317 6587
43 5323
42 5323
9953 5323
50 8483
49 8483
6453 8483
18 344
17 344
4464 344
45 6326
44 6326
3934 6326
46 6652
45 6652
5083 6652
43 5626
42 5626
4260 5626
51 9096
50 9096
9259 9096
52 9834
51 9834
8522 9834
49 7969
48 7969
346 7969
36 3076
35 3076
7476 3076
51 8896
50 8896
5992 8896
28 1308
27 1308
8941 1308
20 464
19 464
457 464
32 2215
31 2215
8003 2215
49 8195
48 8195
5653 8195
44 5761
43 5761
4742 5761
37 3357
36 3357
3975 3357
31 1896
30 1896
2732 1896
51 8967
50 8967
1231 8967
49 8078
48 8078
6112 8078
45 6157
44 6157
4288 6157
50 8346
49 8346
4079 8346
34 2625
33 2625
4146 2625
48 7272
47 7272
4137 7272
11 54
10 54
6897 54
44 5829
43 5829
3510 5829
24 917
23 917
7948 917
51 9156
50 9156
350 9156
40 4299
39 4299
6023 4299
31 1867
30 1867
3680 1867
10 41
9 41
8777 41
33 2326
32 2326
6940 2326
34 2611
33 2611
3535 2611
43 5395
42 5395
8841 5395
35 2738
34 2738
4327 2738
47 7061
46 7061
4880 7061
47 7266
46 7266
1414 7266
43 5314
42 5314
2670 5314
21 612
20 612
3219 612
28 1397
27 1397
3526 1397
45 6029
44 6029
2825 6029
52 9948
51 9948
2509 9948
35 2982
34 2982
3449 2982
29 1674
28 1674
6765 1674
43 5626
42 5626
3621 5626
44 5478
43 5478
9874 5478
45 6186
44 6186
8263 6186
40 4443
39 4443
4976 4443
50 8700
49 8700
2008 8700
51 8886
50 8886
8267 8886
46 6760
45 6760
9385 6760
17 251
16 251
2557 251
51 9242
50 9242
9741 9242
47 7265
46 7265
6835 7265
52 9507
51 9507
2653 9507
46 6801
45 6801
4960 6801
26 1224
25 1224
6387 1224
26 1179
25 1179
3593 1179
50 8785
49 8785
6319 8785
51 9024
50 9024
9864 9024
40 4427
39 4427
853 4427
46 6505
45 6505
8890 6505
53 9927
52 9927
269 9927
42 5071
41 5071
1968 5071
51 9193
50 9193
8466 9193
52 9617
51 9617
4242 9617
23 825
22 825
8340 825
33 2273
32 2273
1751 2273
51 9045
50 9045
598 9045
41 4887
40 4887
2814 4887
44 5901
43 5901
8400 5901
52 9980
51 9980
2312 9980
47 7318
46 7318
350 7318
29 1617
28 1617
9883 1617
49 8248
48 8248
367 8248
50 8822
49 8822
2865 8822
50 8656
49 8656
231 8656
50 8851
49 8851
7559 8851
47 7103
46 7103
6653 7103
22 610
21 610
7646 610
28 1400
27 1400
3406 1400
37 3410
36 3410
286 3410
52 9750
51 9750
4232 9750
51 9126
50 9126
8558 9126
50 8724
49 8724
4400 8724
48 7620
47 7620
8877 7620
47 7235
46 7235
5756 7235
41 4791
40 4791
8972 4791
49 7880
48 7880
6954 7880
46 6846
45 6846
306 6846
31 1979
30 1979
7479 1979
43 5306
42 5306
7847 5306
44 5560
43 5560
2425 5560
37 3428
36 3428
4601 3428
51 9026
50 9026
7142 9026
46 6532
45 6532
5002 6532
33 2315
32 2315
6378 2315
23 795
22 795
8063 795
44 5870
43 5870
8965 5870
32 2170
31 2170
2243 2170
37 3510
36 3510
9771 3510
38 3753
37 3753
9570 3753
48 7764
47 7764
3474 7764
47 7329
46 7329
3086 7329
29 1484
28 1484
4903 1484
51 8834
50 8834
9950 8834
34 2456
33 2456
153 2456
42 5134
41 5134
7754 5134
49 7972
48 7972
7597 7972
35 2748
34 2748
3568 2748
38 3488
37 3488
9464 3488
37 3398
36 3398
4914 3398
35 2706
34 2706
3672 2706
52 9643
51 9643
838 9643
38 3777
37 3777
1836 3777
46 6798
45 6798
5 6798
42 4827
41 4827
7351 4827
46 6709
45 6709
3228 6709
27 1215
26 1215
5185 1215
46 6570
45 6570
5454 6570
52 9876
51 9876
2262 9876
42 4878
41 4878
8415 4878
27 1377
26 1377
2117 1377
46 6513
45 6513
554 6513
50 8818
49 8818
3314 8818
16 235
15 235
829 235
33 2346
32 2346
9860 2346
22 663
21 663
7608 663
25 1035
24 1035
8840 1035
48 7714
47 7714
8402 7714
42 5167
41 5167
9116 5167
45 6192
44 6192
9412 6192
50 8867
49 8867
2085 8867
40 4536
39 4536
6683 4536
39 3991
38 3991
5049 3991
51 9075
50 9075
1450 9075
27 1167
26 1167
9702 1167
43 5153
42 5153
4006 5153
41 4581
40 4581
8345 4581
52 9491
51 9491
7400 9491
50 8692
49 8692
3384 8692
21 594
20 594
7199 594
34 2462
33 2462
3529 2462
47 6951
46 6951
2459 6951
46 6408
45 6408
4376 6408
41 4833
40 4833
7379 4833
52 9465
51 9465
7093 9465
52 9810
51 9810
2160 9810
52 9774
51 9774
7251 9774
41 4642
40 4642
32 4642
47 6953
46 6953
3835 6953
46 6571
45 6571
9412 6571
41 4557
40 4557
1863 4557
48 7547
47 7547
4066 7547
50 8644
49 8644
6295 8644
34 2469
33 2469
6563 2469
37 3273
36 3273
9887 3273
45 6192
44 6192
3446 6192
30 1870
29 1870
2231 1870
41 4742
40 4742
6843 4742
45 6056
44 6056
5290 6056
36 3047
35 3047
3513 3047
41 4686
40 4686
8359 4686
25 995
24 995
634 995
51 9405
50 9405
6403 9405
38 3620
37 3620
3689 3620
52 9751
51 9751
4933 9751
38 3826
37 3826
1659 3826
22 735
21 735
9721 735
50 8396
49 8396
8803 8396
48 7342
47 7342
2878 7342
40 4182
39 4182
4107 4182
35 2850
34 2850
4648 2850
51 9109
50 9109
370 9109
28 1466
27 1466
622 1466
49 8277
48 8277
6409 8277
51 9051
50 9051
2189 9051
50 8484
49 8484
6213 8484
30 1774
29 1774
8019 1774
52 9972
51 9972
4288 9972
52 9615
51 9615
6645 9615
37 3404
36 3404
3096 3404
37 3376
36 3376
6153 3376
37 3480
36 3480
5807 3480
42 5076
41 5076
1325 5076
49 8181
48 8181
361 8181
16 228
15 228
1294 228
46 6886
45 6886
8705 6886
43 5629
42 5629
6338 5629
46 6818
45 6818
6388 6818
32 2048
31 2048
7167 2048
26 1155
25 1155
324 1155
51 9249
50 9249
3841 9249
47 6984
46 6984
6870 6984
49 8089
48 8089
1128 8089
49 8036
48 8036
1701 8036
29 1540
28 1540
4167 1540
37 3325
36 3325
4621 3325
50 8468
49 8468
4599 8468
33 2349
32 2349
3824 2349
46 6620
45 6620
8034 6620
53 9893
52 9893
6981 9893
47 7125
46 7125
664 7125
44 5717
43 5717
1956 5717
14 156
13 156
3901 156
37 3317
36 3317
3227 3317
37 3362
36 3362
8377 3362
25 1056
24 1056
5020 1056
50 8395
49 8395
9127 8395
50 8723
49 8723
8876 8723
38 3712
37 3712
1814 3712
48 7619
47 7619
790 7619
51 9037
50 9037
7195 9037
52 9844
51 9844
1958 9844
41 4547
40 4547
5549 4547
24 930
23 930
5423 930
50 8471
49 8471
8952 8471
46 6572
45 6572
5381 6572
37 3393
36 3393
1691 3393
51 8980
50 8980
7892 8980
28 1390
27 1390
4265 1390
48 7856
47 7856
2775 7856
28 1359
27 1359
2620 1359
31 1996
30 1996
5841 1996
24 904
23 904
717 904
52 9990
51 9990
8424 9990
52 9746
51 9746
9822 9746
50 8449
49 8449
6885 8449
52 9673
51 9673
9536 9673
36 3138
35 3138
613 3138
19 430
18 430
3645 430
48 7462
47 7462
987 7462
44 5654
43 5654
5231 5654
28 1354
27 1354
3627 1354
41 4489
40 4489
8807 4489
44 5665
43 5665
769 5665
52 9828
51 9828
1783 9828
22 610
21 610
5128 610
39 3927
38 3927
8504 3927
29 1576
28 1576
1140 1576
51 9176
50 9176
8069 9176
35 2736
34 2736
7592 2736
27 1295
26 1295
7278 1295
28 1342
27 1342
2464 1342
45 5912
44 5912
9686 5912
47 7032
46 7032
1801 7032
38 3652
37 3652
6406 3652
38 3721
37 3721
6244 3721
49 8279
48 8279
2392 8279
46 6560
45 6560
1559 6560
36 3052
35 3052
8188 3052
21 543
20 543
7899 543
26 1148
25 1148
8454 1148
48 7276
47 7276
9295 7276
45 6187
44 6187
350 6187
19 435
18 435
5203 435
29 1564
28 1564
5087 1564
46 6705
45 6705
2350 6705
48 7431
47 7431
40 7431
50 8331
49 8331
8825 8331
48 7386
47 7386
1358 7386
36 2965
35 2965
7394 2965
44 5557
43 5557
7640 5557
40 4300
39 4300
6474 4300
22 685
21 685
8338 685
45 6525
44 6525
8327 6525
23 713
22 713
5786 713
26 1067
25 1067
6563 1067
31 1896
30 1896
1382 1896
32 2253
31 2253
1179 2253
47 7226
46 7226
9757 7226
39 3901
38 3901
7137 3901
20 466
19 466
8025 466
17 266
16 266
2618 266
39 3883
38 3883
6139 3883
28 1399
27 1399
8848 1399
52 9743
51 9743
6279 9743
38 3610
37 3610
4305 3610
47 6865
46 6865
5123 6865
29 1630
28 1630
2990 1630
47 7221
46 7221
5229 7221
20 513
19 513
5581 513
47 7123
46 7123
6226 7123
31 2006
30 2006
3384 2006
47 6887
46 6887
9160 6887
33 2341
32 2341
8940 2341
44 5748
43 5748
8725 5748
52 9910
51 9910
2251 9910
18 348
17 348
4053 348
41 4490
40 4490
5338 4490
45 6282
44 6282
8280 6282
31 1858
30 1858
483 1858
26 1016
25 1016
3713 1016
34 2469
33 2469
9237 2469
46 6873
45 6873
3496 6873
50 8719
49 8719
687 8719
32 2144
31 2144
9161 2144
39 3884
38 3884
5896 3884
52 9655
51 9655
7923 9655
47 7009
46 7009
6458 7009
50 8490
49 8490
8458 8490
41 4740
40 4740
4434 4740
42 4985
41 4985
598 4985
46 6639
45 6639
8306 6639
26 1177
25 1177
2194 1177
47 6897
46 6897
9184 6897
11 84
10 84
733 84
40 4300
39 4300
8532 4300
46 6756
45 6756
1036 6756
33 2296
32 2296
8110 2296
39 3836
38 3836
534 3836
20 479
19 479
9565 479
52 9951
51 9951
7111 9951
44 5807
43 5807
7369 5807
42 5239
41 5239
7870 5239
50 8555
49 8555
6010 8555
48 7327
47 7327
5054 7327
48 7706
47 7706
9710 7706
39 3946
38 3946
7313 3946
28 1319
27 1319
3047 1319
28 1386
27 1386
1952 1386
51 9375
50 9375
8123 9375
43 5385
42 5385
7708 5385
47 7110
46 7110
4242 7110
45 6356
44 6356
7913 6356
40 4194
39 4194
1036 4194
39 4090
38 4090
525 4090
45 6366
44 6366
5609 6366
45 6241
44 6241
2102 6241
43 5465
42 5465
2510 5465
40 4434
39 4434
1937 4434
31 1909
30 1909
4550 1909
50 8520
49 8520
2932 8520
24 904
23 904
7711 904
47 7109
46 7109
4324 7109
29 1454
28 1454
7801 1454
38 3790
37 3790
8240 3790
22 661
21 661
2939 661
43 5402
42 5402
8436 5402
50 8783
49 8783
3134 8783
41 4710
40 4710
5719 4710
35 2756
34 2756
2223 2756
21 611
20 611
7630 611
14 157
13 157
6289 157
35 2887
34 2887
7638 2887
49 8234
48 8234
1721 8234
32 2104
31 2104
6638 2104
19 397
18 397
4224 397
43 5572
42 5572
6586 5572
50 8701
49 8701
5605 8701
50 8348
49 8348
1986 8348
45 5988
44 5988
3480 5988
40 4165
39 4165
1008 4165
46 6609
45 6609
8240 6609
49 7989
48 7989
454 7989
41 4599
40 4599
9782 4599
42 5100
41 5100
5718 5100
51 8988
50 8988
3912 8988
52 9640
51 9640
7304 9640
19 379
18 379
1895 379
50 8543
49 8543
4151 8543
52 9266
51 9266
8585 9266
22 634
21 634
1796 634
35 2805
34 2805
8552 2805
36 3028
35 3028
6690 3028
36 3289
35 3289
4176 3289
36 3231
35 3231
5800 3231
42 4842
41 4842
4773 4842
48 7519
47 7519
8514 7519
24 853
23 853
1083 853
33 2301
32 2301
5984 2301
32 2175
31 2175
5852 2175
42 5125
41 5125
5030 5125
52 9580
51 9580
3382 9580
50 8360
49 8360
8779 8360
50 8520
49 8520
4250 8520
36 3067
35 3067
9722 3067
51 9042
50 9042
286 9042
49 8086
48 8086
4115 8086
41 4540
40 4540
4796 4540
46 6902
45 6902
2315 6902
44 5901
43 5901
9361 5901
23 700
22 700
8279 700
21 559
20 559
8239 559
50 8748
49 8748
3477 8748
51 9201
50 9201
8315 9201
45 6175
44 6175
3524 6175
38 3765
37 3765
7919 3765
40 4097
39 4097
1896 4097
10 51
9 51
361 51
50 8483
49 8483
6407 8483
51 9253
50 9253
4843 9253
42 4874
41 4874
2414 4874
49 8089
48 8089
1657 8089
42 5150
41 5150
5068 5150
50 8338
49 8338
398 8338
44 5660
43 5660
4645 5660
35 2823
34 2823
3591 2823
26 1029
25 1029
2240 1029
42 5187
41 5187
9686 5187
44 5725
43 5725
4794 5725
47 7235
46 7235
4848 7235
17 300
16 300
1329 300
50 8635
49 8635
5840 8635
50 8241
49 8241
2266 8241
45 6081
44 6081
6498 6081
46 6698
45 6698
4108 6698
48 7504
47 7504
6856 7504
52 9724
51 9724
915 9724
20 471
19 471
6313 471
43 5521
42 5521
6141 5521
45 6296
44 6296
7309 6296
47 7077
46 7077
9008 7077
40 4233
39 4233
3330 4233
50 8473
49 8473
18 8473
43 5382
42 5382
8010 5382
22 721
21 721
5808 721
27 1293
26 1293
4203 1293
51 9189
50 9189
3384 9189
40 4208
39 4208
2541 4208
46 6659
45 6659
7022 6659
34 2695
33 2695
5008 2695
11 75
10 75
6795 75
47 6843
46 6843
3235 6843
29 1538
28 1538
2889 1538
52 9644
51 9644
3198 9644
39 4128
38 4128
7209 4128
25 925
24 925
8729 925
41 4530
40 4530
5261 4530
52 9634
51 9634
9410 9634
43 5656
42 5656
4814 5656
48 7609
47 7609
1004 7609
34 2456
33 2456
6887 2456
49 7870
48 7870
2778 7870
33 2409
32 2409
3624 2409
50 8373
49 8373
2440 8373
49 8233
48 8233
8900 8233
42 4980
41 4980
8611 4980
28 1464
27 1464
4723 1464
44 5686
43 5686
7435 5686
35 3003
34 3003
6097 3003
50 8489
49 8489
6728 8489
52 9882
51 9882
6845 9882
53 9953
52 9953
8003 9953
37 3394
36 3394
699 3394
24 931
23 931
9912 931
31 1971
30 1971
1730 1971
42 5195
41 5195
6699 5195
33 2338
32 2338
9711 2338
38 3590
37 3590
6543 3590
38 3641
37 3641
4432 3641
51 8808
50 8808
9840 8808
41 4803
40 4803
9098 4803
40 4216
39 4216
5579 4216
40 4272
39 4272
2580 4272
46 6431
45 6431
8977 6431
45 6327
44 6327
3418 6327
51 9165
50 9165
3112 9165
45 5999
44 5999
2906 5999
52 9876
51 9876
5545 9876
30 1732
29 1732
7146 1732
51 9019
50 9019
3539 9019
44 6009
43 6009
2688 6009
50 8460
49 8460
3047 8460
45 6176
44 6176
4104 6176
35 2662
34 2662
5114 2662
48 7491
47 7491
6851 7491
20 491
19 491
2662 491
38 3551
37 3551
226 3551
45 6387
44 6387
9768 6387
38 3604
37 3604
4031 3604
52 9544
51 9544
228 9544
51 9318
50 9318
2036 9318
24 904
23 904
9357 904
30 1743
29 1743
3217 1743
47 7047
46 7047
4013 7047
43 5275
42 5275
3514 5275
33 2458
32 2458
2963 2458
48 7530
47 7530
4839 7530
41 4412
40 4412
4848 4412
25 1009
24 1009
643 1009
49 7836
48 7836
1337 7836
41 4553
40 4553
4414 4553
40 4414
39 4414
5384 4414
51 9183
50 9183
7435 9183
44 5798
43 5798
7547 5798
48 7474
47 7474
450 7474
45 6016
44 6016
7011 6016
22 649
21 649
5679 649
38 3723
37 3723
2487 3723
12 90
11 90
6321 90
47 6824
46 6824
4367 6824
36 3300
35 3300
4988 3300
51 9008
50 9008
3145 9008
36 2934
35 2934
1096 2934
35 2892
34 2892
5526 2892
6 5
5 5
4703 5
49 8090
48 8090
4638 8090
27 1290
26 1290
6419 1290
48 7727
47 7727
5144 7727
40 4450
39 4450
6693 4450
23 672
22 672
7779 672
33 2332
32 2332
3135 2332
50 8295
49 8295
6529 8295
51 8863
50 8863
4412 8863
47 6964
46 6964
1734 6964
33 2401
32 2401
4682 2401
40 4201
39 4201
1373 4201
50 8689
49 8689
9439 8689
47 6941
46 6941
6083 6941
38 3662
37 3662
2785 3662
43 5515
42 5515
1034 5515
30 1789
29 1789
3196 1789
49 8432
48 8432
1880 8432
28 1367
27 1367
2753 1367
40 4416
39 4416
533 4416
46 6344
45 6344
5201 6344
45 6177
44 6177
6080 6177
32 2178
31 2178
6261 2178
42 5214
41 5214
2923 5214
51 9048
50 9048
1674 9048
50 8469
49 8469
8635 8469
44 5875
43 5875
7277 5875
45 6266
44 6266
8793 6266
41 4688
40 4688
6947 4688
38 3778
37 3778
3267 3778
49 8352
48 8352
2276 8352
6 9
5 9
2219 9
30 1767
29 1767
43 1767
46 6828
45 6828
1591 6828
31 1934
30 1934
7784 1934
51 9168
50 9168
7104 9168
53 9938
52 9938
4430 9938
40 4265
39 4265
9763 4265
49 8066
48 8066
133 8066
51 9347
50 9347
3363 9347
52 9748
51 9748
1433 9748
32 2109
31 2109
4820 2109
33 2336
32 2336
4713 2336
45 6121
44 6121
8322 6121
38 3668
37 3668
4809 3668
33 2430
32 2430
3064 2430
48 7374
47 7374
7744 7374
38 3798
37 3798
9482 3798
28 1381
27 1381
7835 1381
42 4896
41 4896
3947 4896
26 1137
25 1137
6616 1137
48 7423
47 7423
4887 7423
30 1646
29 1646
7788 1646
44 5561
43 5561
4859 5561
47 7182
46 7182
6766 7182
24 808
23 808
3944 808
31 2004
30 2004
7193 2004
28 1501
27 1501
6371 1501
31 1849
30 1849
6110 1849
51 9224
50 9224
6472 9224
36 3018
35 3018
5471 3018
50 8913
49 8913
8899 8913
37 3320
36 3320
6661 3320
26 1123
25 1123
9669 1123
42 5175
41 5175
2556 5175
52 9627
51 9627
341 9627
35 2703
34 2703
2130 2703
34 2701
33 2701
7884 2701
35 2878
34 2878
3323 2878
52 9951
51 9951
9896 9951
46 6564
45 6564
8880 6564
51 8973
50 8973
3818 8973
48 7542
47 7542
6651 7542
35 2851
34 2851
600 2851
46 6428
45 6428
2268 6428
42 5062
41 5062
9931 5062
27 1268
26 1268
8263 1268
30 1788
29 1788
7538 1788
36 3020
35 3020
6308 3020
47 7102
46 7102
7278 7102
43 5387
42 5387
1406 5387
46 6861
45 6861
852 6861
35 2681
34 2681
2261 2681
53 9963
52 9963
7038 9963
32 2162
31 2162
5356 2162
43 5262
42 5262
5450 5262
48 7543
47 7543
1499 7543
43 5280
42 5280
8857 5280
51 8972
50 8972
7230 8972
50 8753
49 8753
8177 8753
41 4667
40 4667
8116 4667
42 4899
41 4899
2924 4899
25 1072
24 1072
6576 1072
32 2109
31 2109
2727 2109
48 7564
47 7564
8812 7564
47 6794
46 6794
9940 6794
9 35
8 35
4081 35
51 8871
50 8871
4024 8871
45 6157
44 6157
2529 6157
50 8536
49 8536
5357 8536
37 3576
36 3576
6862 3576
52 9715
51 9715
5938 9715
50 8724
49 8724
319 8724
46 6915
45 6915
8838 6915
32 2230
31 2230
7730 2230
37 3398
36 3398
9568 3398
26 1062
25 1062
3956 1062
52 9760
51 9760
1274 9760
36 2977
35 2977
4651 2977
45 6054
44 6054
4769 6054
44 5751
43 5751
925 5751
48 7588
47 7588
7655 7588
41 4734
40 4734
9702 4734
40 4248
39 4248
6578 4248
33 2301
32 2301
9046 2301
49 8260
48 8260
8922 8260
36 3266
35 3266
4417 3266
43 5519
42 5519
1950 5519
40 4381
39 4381
6253 4381
32 2229
31 2229
4128 2229
30 1714
29 1714
1207 1714
50 8867
49 8867
7636 8867
38 3675
37 3675
6622 3675
42 5116
41 5116
1461 5116
49 7924
48 7924
2135 7924
20 470
19 470
6529 470
23 781
22 781
3591 781
44 5758
43 5758
9304 5758
47 6924
46 6924
7084 6924
33 2480
32 2480
1344 2480
36 3160
35 3160
7189 3160
50 8543
49 8543
1924 8543
36 2959
35 2959
1317 2959
25 979
24 979
9280 979
47 7281
46 7281
1252 7281
43 5590
42 5590
647 5590
31 1970
30 1970
6014 1970
45 6214
44 6214
8206 6214
38 3532
37 3532
6178 3532
36 3143
35 3143
6782 3143
50 8779
49 8779
4452 8779
34 2590
33 2590
9285 2590
38 3775
37 3775
9483 3775
37 3382
36 3382
854 3382
36 3181
35 3181
4851 3181
27 1167
26 1167
2868 1167
49 7822
48 7822
9693 7822
51 9322
50 9322
7627 9322
39 3967
38 3967
2170 3967
43 5390
42 5390
1848 5390
31 1984
30 1984
7668 1984
46 6647
45 6647
5291 6647
41 4517
40 4517
9990 4517
27 1169
26 1169
9212 1169
28 1400
27 1400
3646 1400
47 7057
46 7057
6468 7057
26 1028
25 1028
6066 1028
50 8637
49 8637
2991 8637
49 7708
48 7708
5624 7708
48 7247
47 7247
9105 7247
50 8354
49 8354
828 8354
41 4613
40 4613
5677 4613
44 5632
43 5632
4830 5632
52 9508
51 9508
7519 9508
51 9155
50 9155
7057 9155
25 929
24 929
132 929
39 4074
38 4074
7406 4074
52 9702
51 9702
5245 9702
46 6651
45 6651
9087 6651
16 275
15 275
8624 275
13 95
12 95
6836 95
42 4923
41 4923
839 4923
27 1266
26 1266
5521 1266
50 8467
49 8467
7742 8467
26 1124
25 1124
2462 1124
49 8022
48 8022
9161 8022
20 522
19 522
6534 522
52 9875
51 9875
5084 9875
41 4861
40 4861
6072 4861
49 7997
48 7997
9361 7997
48 7273
47 7273
3881 7273
51 9386
50 9386
518 9386
41 4640
40 4640
368 4640
42 4805
41 4805
8364 4805
27 1285
26 1285
5865 1285
37 3405
36 3405
4089 3405
42 4978
41 4978
9747 4978
40 4483
39 4483
5751 4483
42 5106
41 5106
3778 5106
41 4624
40 4624
2083 4624
37 3351
36 3351
349 3351
50 8685
49 8685
9854 8685
40 4389
39 4389
5025 4389
39 3928
38 3928
5792 3928
50 8549
49 8549
1820 8549
48 7334
47 7334
9664 7334
31 1891
30 1891
8675 1891
48 7755
47 7755
9053 7755
37 3345
36 3345
4108 3345
51 9220
50 9220
7832 9220
39 4082
38 4082
7621 4082
44 5533
43 5533
903 5533
23 783
22 783
4811 783
25 923
24 923
2148 923
41 4662
40 4662
3620 4662
35 2756
34 2756
6284 2756
43 5317
42 5317
8566 5317
51 9282
50 9282
1697 9282
51 9139
50 9139
5997 9139
43 5493
42 5493
7913 5493
41 4888
40 4888
7833 4888
42 4925
41 4925
9500 4925
51 9313
50 9313
3421 9313
37 3427
36 3427
329 3427
42 4845
41 4845
7474 4845
37 3313
36 3313
1778 3313
39 3890
38 3890
5090 3890
50 8357
49 8357
6187 8357
48 7592
47 7592
5485 7592
15 179
14 179
719 179
32 2204
31 2204
2951 2204
34 2496
33 2496
2747 2496
48 7791
47 7791
9272 7791
52 9911
51 9911
6689 9911
41 4613
40 4613
2218 4613
41 4664
40 4664
7655 4664
44 5815
43 5815
7567 5815
30 1780
29 1780
2709 1780
44 5953
43 5953
1977 5953
23 787
22 787
7531 787
49 7908
48 7908
9904 7908
49 8174
48 8174
3416 8174
51 8853
50 8853
4432 8853
33 2405
32 2405
7604 2405
50 8668
49 8668
3016 8668
52 9449
51 9449
1223 9449
42 5015
41 5015
5211 5015
49 8323
48 8323
1519 8323
50 8372
49 8372
7827 8372
37 3500
36 3500
9455 3500
26 1114
25 1114
6857 1114
52 9555
51 9555
26 9555
46 6529
45 6529
2782 6529
32 2138
31 2138
4108 2138
27 1317
26 1317
4854 1317
49 7961
48 7961
8529 7961
44 5527
43 5527
3688 5527
26 1162
25 1162
2364 1162
48 7484
47 7484
2735 7484
47 6971
46 6971
1922 6971
39 3948
38 3948
6396 3948
25 975
24 975
3996 975
50 8692
49 8692
2449 8692
47 7021
46 7021
6985 7021
51 8965
50 8965
2631 8965
49 8047
48 8047
5353 8047
40 4306
39 4306
5097 4306
26 1125
25 1125
7443 1125
48 7382
47 7382
6247 7382
45 6352
44 6352
5984 6352
41 4508
40 4508
8308 4508
45 6327
44 6327
8445 6327
51 9237
50 9237
4649 9237
44 5621
43 5621
5373 5621
21 502
20 502
2272 502
50 8521
49 8521
4757 8521
32 2247
31 2247
1769 2247
31 2100
30 2100
4607 2100
44 5845
43 5845
3800 5845
44 5887
43 5887
7751 5887
47 6896
46 6896
7525 6896
29 1650
28 1650
3857 1650
41 4398
40 4398
8586 4398
27 1230
26 1230
9521 1230
52 9686
51 9686
1737 9686
42 4916
41 4916
1089 4916
48 7670
47 7670
5268 7670
32 2172
31 2172
4319 2172
43 5262
42 5262
1235 5262
36 3119
35 3119
2444 3119
20 483
19 483
498 483
34 2429
33 2429
3374 2429
51 9149
50 9149
143 9149
41 4504
40 4504
7038 4504
47 7064
46 7064
6464 7064
31 1895
30 1895
7211 1895
50 8551
49 8551
3995 8551
21 612
20 612
6582 612
51 8828
50 8828
9005 8828
31 1999
30 1999
8628 1999
29 1474
28 1474
9364 1474
49 8024
48 8024
7615 8024
43 5540
42 5540
7349 5540
41 4680
40 4680
2597 4680
45 6178
44 6178
5558 6178
41 4441
40 4441
71 4441
38 3763
37 3763
1269 3763
29 1594
28 1594
1100 1594
44 5646
43 5646
9039 5646
51 8796
50 8796
1275 8796
41 4544
40 4544
5594 4544
28 1319
27 1319
7140 1319
24 809
23 809
8380 809
25 1014
24 1014
4248 1014
30 1790
29 1790
9873 1790
46 6374
45 6374
3692 6374
30 1721
29 1721
4169 1721
22 620
21 620
9259 620
47 6932
46 6932
4343 6932
48 7772
47 7772
9969 7772
33 2418
32 2418
6723 2418
46 6626
45 6626
8096 6626
47 6919
46 6919
1817 6919
49 7853
48 7853
4255 7853
46 6746
45 6746
9864 6746
36 3007
35 3007
5446 3007
46 6602
45 6602
7364 6602
44 5710
43 5710
8723 5710
20 438
19 438
6037 438
48 7846
47 7846
8568 7846
44 5748
43 5748
3158 5748
50 8501
49 8501
2826 8501
28 1451
27 1451
438 1451
27 1198
26 1198
7700 1198
50 8680
49 8680
3322 8680
50 8695
49 8695
5506 8695
30 1677
29 1677
8553 1677
48 7418
47 7418
6935 7418
39 3885
38 3885
4831 3885
46 6584
45 6584
6359 6584
30 1682
29 1682
6106 1682
42 4945
41 4945
4445 4945
28 1400
27 1400
8256 1400
39 4045
38 4045
22 4045
36 3023
35 3023
7784 3023
15 166
14 166
5493 166
37 3340
36 3340
2780 3340
41 4732
40 4732
4093 4732
29 1560
28 1560
1709 1560
34 2608
33 2608
6522 2608
23 704
22 704
7423 704
39 4009
38 4009
4936 4009
46 6579
45 6579
2328 6579
48 7362
47 7362
3418 7362
52 9367
51 9367
7126 9367
52 9834
51 9834
4853 9834
50 8405
49 8405
7942 8405
51 9010
50 9010
6450 9010
27 1257
26 1257
7261 1257
49 7923
48 7923
7727 7923
47 7155
46 7155
8483 7155
52 9877
51 9877
4319 9877
35 2744
34 2744
9667 2744
52 9369
51 9369
2277 9369
45 6001
44 6001
5549 6001
51 9441
50 9441
237 9441
35 2858
34 2858
8212 2858
19 386
18 386
3140 386
43 5525
42 5525
657 5525
30 1737
29 1737
7675 1737
51 9029
50 9029
3822 9029
44 5843
43 5843
775 5843
43 5459
42 5459
907 5459
46 6723
45 6723
9588 6723
36 2909
35 2909
6700 2909
49 8000
48 8000
6861 8000
34 2626
33 2626
168 2626
20 484
19 484
6006 484
51 9111
50 9111
988 9111
46 6414
45 6414
9683 6414
32 2101
31 2101
2839 2101
50 8625
49 8625
6798 8625
34 2632
33 2632
3356 2632
40 4179
39 4179
9956 4179
43 5393
42 5393
3906 5393
44 5855
43 5855
1353 5855
46 6597
45 6597
855 6597
38 3587
37 3587
2591 3587
52 9805
51 9805
4761 9805
43 5491
42 5491
5971 5491
25 964
24 964
988 964
19 468
18 468
7057 468
43 5484
42 5484
4599 5484
29 1601
28 1601
3306 1601
41 4585
40 4585
2582 4585
52 9674
51 9674
5973 9674
47 7204
46 7204
4777 7204
44 5792
43 5792
2764 5792
51 9225
50 9225
9988 9225
52 9595
51 9595
7898 9595
42 4889
41 4889
6605 4889
9 36
8 36
1732 36
34 2505
33 2505
6130 2505
41 4683
40 4683
2829 4683
34 2545
33 2545
8160 2545
38 3666
37 3666
432 3666
51 9023
50 9023
92 9023
46 6511
45 6511
3417 6511
46 6577
45 6577
6190 6577
44 5614
43 5614
4956 5614
27 1294
26 1294
289 1294
26 1101
25 1101
7405 1101
43 5406
42 5406
4917 5406
40 4335
39 4335
5207 4335
52 9837
51 9837
9869 9837
51 9274
50 9274
2086 9274
46 6524
45 6524
2706 6524
52 9416
51 9416
796 9416
19 400
18 400
3437 400
48 7562
47 7562
9391 7562
46 6801
45 6801
3281 6801
35 2896
34 2896
5849 2896
50 8477
49 8477
3903 8477
49 8194
48 8194
6359 8194
34 2626
33 2626
2623 2626
51 9306
50 9306
6539 9306
41 4423
40 4423
4206 4423
33 2440
32 2440
4843 2440
43 5476
42 5476
4906 5476
31 1821
30 1821
2895 1821
47 7173
46 7173
3384 7173
31 1984
30 1984
5430 1984
33 2459
32 2459
6655 2459
34 2636
33 2636
7010 2636
26 1099
25 1099
843 1099
51 8800
50 8800
791 8800
32 2173
31 2173
2714 2173
30 1773
29 1773
3584 1773
36 3086
35 3086
1970 3086
41 4732
40 4732
7418 4732
44 5758
43 5758
3641 5758
31 2038
30 2038
5560 2038
44 5651
43 5651
2508 5651
24 778
23 778
4413 778
48 7524
47 7524
1305 7524
46 6570
45 6570
2581 6570
49 7983
48 7983
2324 7983
47 7054
46 7054
8268 7054
45 6132
44 6132
8598 6132
42 4975
41 4975
9317 4975
38 3512
37 3512
3721 3512
34 2621
33 2621
356 2621
27 1315
26 1315
9565 1315
19 394
18 394
9140 394
37 3506
36 3506
9031 3506
47 7245
46 7245
6323 7245
49 7909
48 7909
2941 7909
43 5296
42 5296
9009 5296
52 9554
51 9554
2795 9554
19 419
18 419
1797 419
33 2353
32 2353
8032 2353
36 3046
35 3046
8904 3046
44 5901
43 5901
6114 5901
33 2418
32 2418
6967 2418
23 745
22 745
8198 745
46 6561
45 6561
6677 6561
39 3929
38 3929
6329 3929
41 4850
40 4850
2215 4850
26 1093
25 1093
7514 1093
51 9350
50 9350
7926 9350
40 4362
39 4362
7245 4362
47 7238
46 7238
1585 7238
45 6104
44 6104
7849 6104
29 1498
28 1498
4712 1498
37 3333
36 3333
8699 3333
34 2691
33 2691
2290 2691
44 5736
43 5736
4593 5736
49 8082
48 8082
2520 8082
38 3679
37 3679
3168 3679
43 5311
42 5311
6871 5311
14 154
13 154
9519 154
43 5571
42 5571
8626 5571
33 2541
32 2541
1385 2541
43 5326
42 5326
3278 5326
18 322
17 322
9775 322
49 7890
48 7890
581 7890
51 9269
50 9269
836 9269
36 2917
35 2917
83 2917
35 2726
34 2726
607 2726
46 6819
45 6819
4364 6819
33 2442
32 2442
2652 2442
47 7194
46 7194
3796 7194
34 2587
33 2587
3451 2587
26 1101
25 1101
181 1101
40 4227
39 4227
992 4227
17 258
16 258
2205 258
22 661
21 661
49 661
31 1924
30 1924
1773 1924
52 9556
51 9556
7788 9556
41 4497
40 4497
1163 4497
38 3802
37 3802
6798 3802
34 2412
33 2412
6929 2412
29 1475
28 1475
7996 1475
51 9100
50 9100
3532 9100
46 6543
45 6543
8526 6543
52 9948
51 9948
8589 9948
49 8259
48 8259
8751 8259
33 2361
32 2361
9531 2361
28 1448
27 1448
7663 1448
13 119
12 119
7136 119
46 6427
45 6427
2305 6427
37 3484
36 3484
7992 3484
49 8316
48 8316
5773 8316
51 9172
50 9172
9349 9172
52 9647
51 9647
1231 9647
37 3195
36 3195
5853 3195
40 4462
39 4462
4886 4462
53 9974
52 9974
4874 9974
45 5972
44 5972
5862 5972
23 746
22 746
425 746
52 9395
51 9395
4118 9395
34 2547
33 2547
8444 2547
45 6063
44 6063
2099 6063
7 15
6 15
8 15
33 2353
32 2353
3036 2353
45 6209
44 6209
8087 6209
29 1622
28 1622
1459 1622
50 8414
49 8414
1112 8414
27 1326
26 1326
4322 1326
48 7475
47 7475
8026 7475
28 1341
27 1341
5204 1341
46 6461
45 6461
8500 6461
40 4364
39 4364
5975 4364
51 9295
50 9295
4272 9295
48 7641
47 7641
1953 7641
35 2944
34 2944
412 2944
49 8115
48 8115
4504 8115
50 8762
49 8762
1336 8762
15 191
14 191
4712 191
38 3708
37 3708
1066 3708
37 3286
36 3286
8529 3286
21 537
20 537
1005 537
51 8852
50 8852
8439 8852
49 8103
48 8103
7965 8103
51 9195
50 9195
7968 9195
41 4609
40 4609
2684 4609
39 4126
38 4126
7225 4126
39 3926
38 3926
8289 3926
25 950
24 950
9714 950
46 6743
45 6743
1460 6743
34 2625
33 2625
829 2625
41 4637
40 4637
8211 4637
51 8957
50 8957
6883 8957
44 5728
43 5728
4481 5728
49 8322
48 8322
5871 8322
47 6849
46 6849
3761 6849
53 9861
52 9861
5937 9861
34 2689
33 2689
7215 2689
50 8550
49 8550
1436 8550
25 1080
24 1080
9655 1080
22 707
21 707
1416 707
33 2239
32 2239
5468 2239
37 3458
36 3458
609 3458
43 5318
42 5318
3315 5318
50 8395
49 8395
7782 8395
41 4591
40 4591
8725 4591
38 3708
37 3708
2891 3708
49 7873
48 7873
5057 7873
51 8931
50 8931
7335 8931
32 2070
31 2070
7127 2070
44 6007
43 6007
1607 6007
40 4349
39 4349
7470 4349
38 3488
37 3488
457 3488
27 1256
26 1256
9055 1256
45 5962
44 5962
2962 5962
44 5615
43 5615
2263 5615
43 5319
42 5319
2969 5319
48 7276
47 7276
3033 7276
33 2362
32 2362
7753 2362
51 9037
50 9037
6730 9037
50 8652
49 8652
5203 8652
32 2054
31 2054
2275 2054
39 3898
38 3898
1929 3898
51 9164
50 9164
6755 9164
43 5429
42 5429
2180 5429
31 2010
30 2010
6506 2010
45 6305
44 6305
6464 6305
48 7600
47 7600
2015 7600
35 2726
34 2726
6411 2726
52 9823
51 9823
8139 9823
48 7218
47 7218
3401 7218
37 3454
36 3454
108 3454
46 6758
45 6758
3363 6758
47 7144
46 7144
9731 7144
42 5044
41 5044
4835 5044
50 8396
49 8396
6598 8396
47 6920
46 6920
1353 6920
23 780
22 780
703 780
39 3788
38 3788
9929 3788
32 2046
31 2046
7355 2046
32 2081
31 2081
3323 2081
13 126
12 126
8619 126
23 733
22 733
906 733
32 2234
31 2234
7590 2234
40 4360
39 4360
5446 4360
50 8276
49 8276
8902 8276
42 4830
41 4830
8578 4830
30 1732
29 1732
118 1732
35 2704
34 2704
4262 2704
42 4964
41 4964
6011 4964
30 1667
29 1667
8285 1667
49 8226
48 8226
9528 8226
45 6415
44 6415
5816 6415
50 8529
49 8529
2472 8529
48 7217
47 7217
7658 7217
30 1752
29 1752
376 1752
39 4137
38 4137
5067 4137
39 3921
38 3921
6169 3921
48 7597
47 7597
8821 7597
29 1564
28 1564
6803 1564
35 2788
34 2788
6634 2788
48 7657
47 7657
8685 7657
47 7084
46 7084
8635 7084
33 2306
32 2306
1238 2306
33 2245
32 2245
6642 2245
20 447
19 447
3151 447
31 2020
30 2020
5594 2020
49 8223
48 8223
1023 8223
39 3761
38 3761
7169 3761
52 9862
51 9862
8110 9862
27 1273
26 1273
3997 1273
50 8505
49 8505
3226 8505
38 3692
37 3692
100 3692
39 3924
38 3924
485 3924
47 7360
46 7360
5794 7360
52 9556
51 9556
2516 9556
43 5372
42 5372
5431 5372
50 8430
49 8430
9025 8430
47 6974
46 6974
790 6974
53 9958
52 9958
6731 9958
34 2534
33 2534
3416 2534
30 1769
29 1769
1329 1769
43 5512
42 5512
3655 5512
50 8547
49 8547
5387 8547
36 3150
35 3150
899 3150
36 3129
35 3129
2753 3129
33 2436
32 2436
6608 2436
48 7681
47 7681
8769 7681
41 4762
40 4762
4342 4762
43 5221
42 5221
8445 5221
28 1430
27 1430
1552 1430
50 8516
49 8516
3211 8516
49 7951
48 7951
4382 7951
53 9857
52 9857
2611 9857
49 7891
48 7891
6403 7891
37 3282
36 3282
1461 3282
52 9682
51 9682
1639 9682
48 7602
47 7602
496 7602
50 8944
49 8944
22 8944
49 7951
48 7951
5052 7951
46 6679
45 6679
7599 6679
43 5404
42 5404
5441 5404
40 4195
39 4195
1189 4195
49 8161
48 8161
5214 8161
34 2740
33 2740
7842 2740
24 886
23 886
1635 886
32 2191
31 2191
1407 2191
41 4556
40 4556
615 4556
48 7566
47 7566
9166 7566
50 8468
49 8468
6498 8468
45 6267
44 6267
6640 6267
36 3221
35 3221
2388 3221
37 3433
36 3433
351 3433
29 1498
28 1498
4061 1498
44 5771
43 5771
2389 5771
32 2018
31 2018
8275 2018
48 7627
47 7627
5155 7627
44 5647
43 5647
5647 5647
36 3141
35 3141
9500 3141
35 2951
34 2951
2736 2951
26 1161
25 1161
119 1161
45 6294
44 6294
7510 6294
25 924
24 924
7024 924
32 2106
31 2106
9720 2106
44 5895
43 5895
2471 5895
48 7638
47 7638
8319 7638
43 5431
42 5431
2975 5431
50 8623
49 8623
3480 8623
27 1275
26 1275
6513 1275
45 6146
44 6146
2662 6146
41 4618
40 4618
9527 4618
50 8524
49 8524
4462 8524
27 1258
26 1258
513 1258
43 5376
42 5376
1274 5376
51 9354
50 9354
5587 9354
26 1013
25 1013
759 1013
33 2201
32 2201
1397 2201
49 7990
48 7990
3910 7990
48 7484
47 7484
2114 7484
25 1088
24 1088
9742 1088
41 4588
40 4588
5817 4588
33 2487
32 2487
5000 2487
48 7798
47 7798
1583 7798
49 7809
48 7809
9522 7809
47 6937
46 6937
2491 6937
44 5929
43 5929
7389 5929
50 8331
49 8331
3673 8331
33 2365
32 2365
6399 2365
51 8981
50 8981
9752 8981
18 385
17 385
3650 385
27 1330
26 1330
6844 1330
30 1850
29 1850
3683 1850
27 1172
26 1172
8668 1172
43 5396
42 5396
9204 5396
47 7087
46 7087
8389 7087
46 6349
45 6349
5274 6349
49 7964
48 7964
6437 7964
52 9783
51 9783
6047 9783
47 7160
46 7160
7825 7160
30 1770
29 1770
7169 1770
19 370
18 370
2335 370
49 7871
48 7871
6994 7871
44 5952
43 5952
7469 5952
49 8150
48 8150
2534 8150
51 9082
50 9082
9672 9082
43 5153
42 5153
8296 5153
45 6046
44 6046
4774 6046
48 7671
47 7671
6325 7671
20 491
19 491
5805 491
42 5010
41 5010
3887 5010
31 1942
30 1942
2569 1942
50 8673
49 8673
7435 8673
42 5048
41 5048
250 5048
45 6151
44 6151
3811 6151
32 2157
31 2157
6643 2157
49 8106
48 8106
7894 8106
48 7830
47 7830
1100 7830
32 1973
31 1973
5363 1973
36 3048
35 3048
337 3048
44 5862
43 5862
6433 5862
45 5963
44 5963
5234 5963
45 6128
44 6128
506 6128
52 9773
51 9773
5825 9773
50 8459
49 8459
556 8459
48 7628
47 7628
8599 7628
52 9743
51 9743
2023 9743
46 6479
45 6479
4686 6479
51 8893
50 8893
2961 8893
26 1118
25 1118
184 1118
16 214
15 214
4421 214
33 2421
32 2421
5367 2421
43 5489
42 5489
2735 5489
35 2726
34 2726
2115 2726
33 2345
32 2345
1378 2345
51 9283
50 9283
7112 9283
38 3805
37 3805
8466 3805
50 8360
49 8360
8356 8360
20 495
19 495
5930 495
45 6287
44 6287
4269 6287
49 7718
48 7718
392 7718
42 5065
41 5065
746 5065
45 6028
44 6028
5212 6028
14 124
13 124
4869 124
47 6943
46 6943
9053 6943
40 4112
39 4112
9471 4112
46 6548
45 6548
1619 6548
50 8337
49 8337
3372 8337
49 8224
48 8224
1262 8224
47 7232
46 7232
1795 7232
50 8717
49 8717
3470 8717
45 6258
44 6258
1375 6258
43 5260
42 5260
856 5260
44 5951
43 5951
849 5951
36 3069
35 3069
3528 3069
43 5348
42 5348
5131 5348
50 8552
49 8552
8009 8552
27 1298
26 1298
1798 1298
43 5655
42 5655
3806 5655
39 3964
38 3964
2973 3964
38 3593
37 3593
6301 3593
24 861
23 861
1248 861
41 4497
40 4497
207 4497
25 896
24 896
210 896
40 4438
39 4438
4258 4438
52 9718
51 9718
7660 9718
44 5857
43 5857
6583 5857
41 4612
40 4612
8488 4612
52 9617
51 9617
2020 9617
18 354
17 354
8262 354
50 8634
49 8634
4578 8634
41 4477
40 4477
1578 4477
48 7441
47 7441
4192 7441
38 3701
37 3701
5916 3701
50 8498
49 8498
7582 8498
30 1696
29 1696
3110 1696
42 4987
41 4987
3635 4987
48 7477
47 7477
3018 7477
48 7486
47 7486
8056 7486
34 2610
33 2610
3306 2610
48 7843
47 7843
2171 7843
28 1431
27 1431
9134 1431
52 9475
51 9475
2477 9475
29 1657
28 1657
8433 1657
52 9518
51 9518
9908 9518
52 9488
51 9488
2628 9488
44 5926
43 5926
6506 5926
49 8041
48 8041
8330 8041
49 8258
48 8258
4140 8258
48 7700
47 7700
2186 7700
53 9932
52 9932
8651 9932
51 9175
50 9175
3873 9175
52 9843
51 9843
3598 9843
51 8889
50 8889
2253 8889
48 7562
47 7562
2303 7562
51 9048
50 9048
5363 9048
42 5063
41 5063
5850 5063
42 5044
41 5044
9433 5044
47 7221
46 7221
113 7221
31 1921
30 1921
8253 1921
52 9730
51 9730
7770 9730
51 8921
50 8921
6508 8921
39 3970
38 3970
639 3970
32 2216
31 2216
7772 2216
13 122
12 122
9053 122
48 7694
47 7694
8706 7694
45 5957
44 5957
7862 5957
20 449
19 449
7965 449
48 7443
47 7443
1263 7443
46 6600
45 6600
9161 6600
20 453
19 453
8882 453
52 9681
51 9681
8605 9681
52 9635
51 9635
6429 9635
45 6299
44 6299
9550 6299
44 5846
43 5846
6722 5846
33 2285
32 2285
9561 2285
47 6942
46 6942
8645 6942
50 8733
49 8733
1341 8733
52 9901
51 9901
5137 9901
48 7642
47 7642
318 7642
39 3945
38 3945
5811 3945
47 7075
46 7075
3124 7075
37 3230
36 3230
5757 3230
41 4542
40 4542
5578 4542
34 2602
33 2602
4741 2602
37 3298
36 3298
479 3298
48 7488
47 7488
9731 7488
45 6125
44 6125
616 6125
49 8165
48 8165
7750 8165
33 2350
32 2350
5724 2350
49 7942
48 7942
2576 7942
38 3548
37 3548
9127 3548
28 1408
27 1408
7557 1408
23 733
22 733
7367 733
38 3623
37 3623
2673 3623
41 4736
40 4736
722 4736
31 1840
30 1840
2527 1840
46 6804
45 6804
3518 6804
27 1286
26 1286
4722 1286
29 1534
28 1534
9912 1534
51 9384
50 9384
1456 9384
33 2295
32 2295
5950 2295
37 3273
36 3273
6305 3273
35 3036
34 3036
6773 3036
39 4016
38 4016
2917 4016
32 2108
31 2108
1747 2108
37 3254
36 3254
2123 3254
24 878
23 878
4053 878
34 2618
33 2618
7403 2618
45 6200
44 6200
8139 6200
19 416
18 416
9389 416
44 5721
43 5721
7303 5721
37 3309
36 3309
3024 3309
52 9568
51 9568
6594 9568
41 4541
40 4541
6900 4541
44 5650
43 5650
1959 5650
47 7118
46 7118
2080 7118
51 8952
50 8952
1910 8952
19 386
18 386
8877 386
50 8318
49 8318
2770 8318
27 1217
26 1217
4232 1217
40 4390
39 4390
3684 4390
47 6948
46 6948
8964 6948
39 3987
38 3987
3094 3987
45 6411
44 6411
9878 6411
47 6830
46 6830
6040 6830
38 3656
37 3656
5879 3656
38 3541
37 3541
3182 3541
36 3122
35 3122
8966 3122
6 7
5 7
3759 7
12 99
11 99
6803 99
47 6809
46 6809
9208 6809
41 4699
40 4699
1621 4699
33 2500
32 2500
7560 2500
50 8490
49 8490
5381 8490
46 6660
45 6660
1441 6660
22 649
21 649
7121 649
49 7930
48 7930
8301 7930
28 1394
27 1394
2586 1394
46 6828
45 6828
6759 6828
14 180
13 180
9270 180
52 9968
51 9968
9822 9968
48 7600
47 7600
8254 7600
39 4084
38 4084
4629 4084
37 3358
36 3358
3153 3358
18 329
17 329
4518 329
45 6201
44 6201
1344 6201
19 387
18 387
7258 387
43 5311
42 5311
1264 5311
46 6587
45 6587
5794 6587
46 6770
45 6770
9179 6770
35 2893
34 2893
1570 2893
45 6073
44 6073
4991 6073
48 7418
47 7418
5824 7418
49 7904
48 7904
1261 7904
28 1335
27 1335
9514 1335
46 6675
45 6675
7899 6675
45 6237
44 6237
9421 6237
26 1127
25 1127
259 1127
29 1639
28 1639
2638 1639
34 2594
33 2594
6338 2594
31 1799
30 1799
8981 1799
32 2110
31 2110
5738 2110
44 5872
43 5872
8573 5872
43 5290
42 5290
4384 5290
39 4125
38 4125
5478 4125
48 7449
47 7449
5534 7449
41 4681
40 4681
2483 4681
38 3728
37 3728
8226 3728
27 1302
26 1302
221 1302
31 1932
30 1932
4238 1932
27 1270
26 1270
1165 1270
51 9130
50 9130
4326 9130
41 4709
40 4709
5830 4709
49 7902
48 7902
1845 7902
45 5933
44 5933
4857 5933
51 9213
50 9213
40 9213
28 1359
27 1359
8606 1359
39 4050
38 4050
8865 4050
38 3729
37 3729
8642 3729
32 2124
31 2124
3461 2124
39 3867
38 3867
1795 3867
49 8174
48 8174
6447 8174
29 1625
28 1625
9142 1625
52 9391
51 9391
4923 9391
49 7884
48 7884
1730 7884
51 8952
50 8952
1467 8952
44 5609
43 5609
9139 5609
50 8520
49 8520
8966 8520
35 2904
34 2904
6519 2904
48 7603
47 7603
6212 7603
29 1574
28 1574
3172 1574
47 7279
46 7279
2755 7279
43 5235
42 5235
4464 5235
34 2485
33 2485
901 2485
39 3973
38 3973
3304 3973
43 5430
42 5430
7776 5430
44 5844
43 5844
3338 5844
38 3684
37 3684
7772 3684
51 9196
50 9196
5050 9196
23 756
22 756
2392 756
42 5214
41 5214
2353 5214
49 7971
48 7971
3302 7971
52 9742
51 9742
1945 9742
25 1054
24 1054
9819 1054
37 3382
36 3382
6338 3382
32 2232
31 2232
3184 2232
14 146
13 146
5713 146
47 6952
46 6952
131 6952
42 5075
41 5075
6012 5075
48 7704
47 7704
6551 7704
45 6220
44 6220
2943 6220
43 5143
42 5143
2831 5143
45 5992
44 5992
5497 5992
48 7592
47 7592
4375 7592
25 914
24 914
1999 914
51 9537
50 9537
9035 9537
24 907
23 907
73 907
25 973
24 973
4206 973
39 3815
38 3815
321 3815
49 8202
48 8202
1125 8202
46 6768
45 6768
3671 6768
14 124
13 124
8489 124
47 7282
46 7282
2607 7282
29 1640
28 1640
4761 1640
34 2429
33 2429
7136 2429
28 1338
27 1338
8549 1338
50 8183
49 8183
7463 8183
29 1487
28 1487
4 1487
24 855
23 855
706 855
45 6300
44 6300
9471 6300
42 4907
41 4907
9542 4907
48 7717
47 7717
8756 7717
25 883
24 883
9418 883
34 2455
33 2455
1028 2455
26 1155
25 1155
2233 1155
51 8974
50 8974
4005 8974
25 981
24 981
8580 981
50 8799
49 8799
3936 8799
45 6069
44 6069
478 6069
34 2544
33 2544
7652 2544
49 8067
48 8067
4174 8067
46 6507
45 6507
4513 6507
44 5524
43 5524
6352 5524
49 7967
48 7967
5358 7967
29 1586
28 1586
5700 1586
48 7583
47 7583
5540 7583
52 9943
51 9943
9262 9943
43 5249
42 5249
1953 5249
36 3046
35 3046
5204 3046
48 7583
47 7583
3398 7583
36 3154
35 3154
2084 3154
47 6921
46 6921
2505 6921
51 8933
50 8933
5355 8933
46 6482
45 6482
2996 6482
42 4971
41 4971
990 4971
43 5455
42 5455
8740 5455
47 7060
46 7060
2981 7060
42 5067
41 5067
3595 5067
28 1381
27 1381
9947 1381
30 1670
29 1670
2478 1670
26 1032
25 1032
5200 1032
50 8369
49 8369
3191 8369
41 4759
40 4759
4439 4759
30 1779
29 1779
820 1779
34 2565
33 2565
3304 2565
43 5463
42 5463
9798 5463
49 8037
48 8037
1039 8037
53 9916
52 9916
8212 9916
35 2833
34 2833
4667 2833
34 2452
33 2452
3221 2452
50 8612
49 8612
400 8612
49 8085
48 8085
9657 8085
36 2912
35 2912
1205 2912
50 8619
49 8619
6497 8619
19 442
18 442
231 442
27 1188
26 1188
1875 1188
39 4137
38 4137
4516 4137
46 6770
45 6770
5511 6770
45 6314
44 6314
2641 6314
41 4557
40 4557
5532 4557
47 7119
46 7119
2693 7119
52 9902
51 9902
3123 9902
41 4875
40 4875
2908 4875
45 6390
44 6390
147 6390
51 8951
50 8951
1588 8951
51 9029
50 9029
1044 9029
34 2529
33 2529
8835 2529
25 979
24 979
9860 979
41 4728
40 4728
543 4728
42 5034
41 5034
8981 5034
39 3969
38 3969
2708 3969
48 7529
47 7529
8364 7529
49 8213
48 8213
8290 8213
48 7219
47 7219
8628 7219
48 7584
47 7584
4509 7584
29 1710
28 1710
6777 1710
43 5204
42 5204
475 5204
49 8165
48 8165
9134 8165
26 1060
25 1060
5785 1060
33 2358
32 2358
3239 2358
46 6729
45 6729
8471 6729
45 6181
44 6181
6192 6181
40 4273
39 4273
6695 4273
26 1127
25 1127
8372 1127
35 2875
34 2875
8834 2875
24 872
23 872
310 872
46 6508
45 6508
931 6508
42 5094
41 5094
9724 5094
35 2877
34 2877
3033 2877
4 3
3 3
1262 3
45 6266
44 6266
8170 6266
39 4134
38 4134
2284 4134
52 9844
51 9844
6987 9844
37 3435
36 3435
7510 3435
51 9088
50 9088
952 9088
40 4223
39 4223
9233 4223
21 535
20 535
8051 535
34 2645
33 2645
9241 2645
29 1492
28 1492
4380 1492
42 4979
41 4979
2953 4979
29 1529
28 1529
2238 1529
25 949
24 949
9796 949
23 698
22 698
51 698
48 7625
47 7625
7232 7625
52 9967
51 9967
4330 9967
31 1874
30 1874
5350 1874
40 4407
39 4407
7416 4407
38 3574
37 3574
1716 3574
33 2352
32 2352
7891 2352
41 4704
40 4704
602 4704
32 2224
31 2224
3785 2224
35 2734
34 2734
4144 2734
7 15
6 15
1256 15
49 8291
48 8291
287 8291
39 4042
38 4042
8771 4042
16 230
15 230
4483 230
36 3042
35 3042
2259 3042
52 9746
51 9746
3968 9746
47 7035
46 7035
4388 7035
48 7524
47 7524
3338 7524
51 9230
50 9230
4948 9230
46 6864
45 6864
8107 6864
26 1095
25 1095
1591 1095
52 9709
51 9709
4753 9709
50 8679
49 8679
8293 8679
29 1476
28 1476
2429 1476
40 4307
39 4307
5546 4307
26 1141
25 1141
7333 1141
25 995
24 995
8758 995
44 5713
43 5713
4146 5713
22 644
21 644
59 644
49 8225
48 8225
3091 8225
42 4982
41 4982
9890 4982
49 7918
48 7918
1689 7918
32 2111
31 2111
4966 2111
39 3879
38 3879
3065 3879
34 2631
33 2631
9446 2631
24 894
23 894
4877 894
34 2698
33 2698
8024 2698
42 5195
41 5195
5235 5195
48 7721
47 7721
5697 7721
18 327
17 327
5436 327
30 1705
29 1705
3565 1705
48 7603
47 7603
4862 7603
40 4274
39 4274
3165 4274
35 2815
34 2815
3395 2815
48 7553
47 7553
1108 7553
48 7555
47 7555
296 7555
21 550
20 550
5530 550
35 2713
34 2713
2079 2713
35 2919
34 2919
4057 2919
29 1584
28 1584
5661 1584
49 7819
48 7819
451 7819
22 619
21 619
7740 619
33 2240
32 2240
2521 2240
37 3504
36 3504
6762 3504
31 2038
30 2038
6613 2038
47 7002
46 7002
1609 7002
38 3602
37 3602
3633 3602
41 4616
40 4616
1869 4616
50 8476
49 8476
1454 8476
40 4443
39 4443
9201 4443
46 6769
45 6769
2751 6769
29 1692
28 1692
9682 1692
36 3121
35 3121
9291 3121
35 2787
34 2787
2258 2787
45 6370
44 6370
1006 6370
44 5649
43 5649
3238 5649
47 6811
46 6811
4648 6811
48 7415
47 7415
1545 7415
30 1738
29 1738
3228 1738
25 909
24 909
5943 909
40 4207
39 4207
9075 4207
48 7612
47 7612
243 7612
48 7791
47 7791
6871 7791
29 1636
28 1636
2737 1636
27 1217
26 1217
72 1217
45 6151
44 6151
508 6151
36 3156
35 3156
5242 3156
37 3452
36 3452
3153 3452
52 9544
51 9544
2197 9544
46 6653
45 6653
3731 6653
27 1232
26 1232
772 1232
32 2009
31 2009
5333 2009
39 3990
38 3990
8775 3990
42 4835
41 4835
8131 4835
39 4071
38 4071
8081 4071
51 8993
50 8993
9289 8993
49 7747
48 7747
2794 7747
47 7021
46 7021
874 7021
35 2798
34 2798
5437 2798
51 8888
50 8888
6522 8888
41 4594
40 4594
4203 4594
35 2898
34 2898
3029 2898
38 3659
37 3659
647 3659
52 9843
51 9843
5718 9843
35 2857
34 2857
5737 2857
52 9590
51 9590
7200 9590
48 7314
47 7314
6443 7314
39 4200
38 4200
9769 4200
17 285
16 285
5647 285
48 7373
47 7373
8218 7373
31 1879
30 1879
198 1879
50 8460
49 8460
6656 8460
49 8002
48 8002
9194 8002
31 1886
30 1886
5982 1886
50 8593
49 8593
6485 8593
25 1011
24 1011
5305 1011
40 4382
39 4382
2232 4382
50 8300
49 8300
9994 8300
38 3541
37 3541
6662 3541
23 674
22 674
8864 674
35 2982
34 2982
8950 2982
43 5550
42 5550
8763 5550
43 5302
42 5302
8116 5302
20 447
19 447
2290 447
52 9710
51 9710
8048 9710
34 2455
33 2455
7886 2455
48 7339
47 7339
7869 7339
36 3198
35 3198
2397 3198
45 5965
44 5965
547 5965
21 558
20 558
9808 558
51 9064
50 9064
1198 9064
39 4037
38 4037
6013 4037
45 6277
44 6277
5918 6277
50 8534
49 8534
7165 8534
24 818
23 818
7301 818
48 7784
47 7784
1871 7784
44 5838
43 5838
9532 5838
41 4533
40 4533
9796 4533
23 750
22 750
8718 750
25 957
24 957
6401 957
39 4043
38 4043
266 4043
51 8864
50 8864
928 8864
49 8146
48 8146
3909 8146
52 9560
51 9560
9967 9560
51 9090
50 9090
4662 9090
40 4205
39 4205
4223 4205
15 225
14 225
6217 225
49 8286
48 8286
6294 8286
37 3272
36 3272
2749 3272
46 6511
45 6511
8238 6511
51 8914
50 8914
310 8914
11 69
10 69
9587 69
28 1393
27 1393
7611 1393
44 5644
43 5644
9017 5644
38 3577
37 3577
2409 3577
41 4658
40 4658
2804 4658
44 5923
43 5923
4862 5923
49 7977
48 7977
9839 7977
49 8316
48 8316
5710 8316
46 6568
45 6568
6630 6568
38 3715
37 3715
2626 3715
49 7979
48 7979
1403 7979
46 6670
45 6670
8980 6670
42 5167
41 5167
1540 5167
36 3158
35 3158
4165 3158
29 1543
28 1543
5323 1543
47 7094
46 7094
1304 7094
46 6698
45 6698
4365 6698
43 5440
42 5440
3540 5440
30 1698
29 1698
5292 1698
38 3736
37 3736
2517 3736
42 5086
41 5086
7421 5086
15 199
14 199
9131 199
25 929
24 929
555 929
41 4633
40 4633
7801 4633
52 9617
51 9617
3570 9617
47 7007
46 7007
4615 7007
33 2328
32 2328
4628 2328
31 1886
30 1886
1937 1886
33 2279
32 2279
6488 2279
45 6399
44 6399
3927 6399
35 2878
34 2878
6310 2878
51 8861
50 8861
5563 8861
38 3685
37 3685
6044 3685
39 3898
38 3898
6469 3898
47 6935
46 6935
7852 6935
38 3626
37 3626
658 3626
51 8801
50 8801
3996 8801
50 8325
49 8325
4929 8325
52 9623
51 9623
3908 9623
52 9817
51 9817
3141 9817
52 9760
51 9760
227 9760
39 4039
38 4039
8934 4039
41 4661
40 4661
747 4661
42 4898
41 4898
7775 4898
46 6902
45 6902
161 6902
32 2083
31 2083
8945 2083
43 5269
42 5269
2862 5269
52 9911
51 9911
2511 9911
41 4776
40 4776
3824 4776
38 3599
37 3599
6001 3599
52 9403
51 9403
5673 9403
49 7886
48 7886
8001 7886
29 1484
28 1484
5967 1484
39 4095
38 4095
1008 4095
23 734
22 734
4347 734
38 3773
37 3773
7938 3773
41 4662
40 4662
9226 4662
44 5641
43 5641
5454 5641
50 8417
49 8417
8367 8417
48 7560
47 7560
9279 7560
43 5372
42 5372
9567 5372
51 9218
50 9218
9253 9218
49 8122
48 8122
9731 8122
47 7124
46 7124
3525 7124
52 9266
51 9266
2554 9266
27 1247
26 1247
6757 1247
27 1167
26 1167
996 1167
47 7351
46 7351
9585 7351
42 4798
41 4798
7656 4798
35 2708
34 2708
3049 2708
48 7459
47 7459
2687 7459
48 7636
47 7636
8560 7636
38 3636
37 3636
4566 3636
46 6599
45 6599
4590 6599
35 3036
34 3036
1024 3036
41 4626
40 4626
2191 4626
35 2842
34 2842
514 2842
49 8173
48 8173
6979 8173
51 9072
50 9072
4438 9072
34 2533
33 2533
4444 2533
52 9844
51 9844
7208 9844
42 4938
41 4938
4434 4938
39 4002
38 4002
5116 4002
4 2
3 2
6594 2
52 9575
51 9575
5542 9575
45 6421
44 6421
3083 6421
51 8984
50 8984
432 8984
49 7918
48 7918
3280 7918
43 5401
42 5401
1463 5401
45 6016
44 6016
3113 6016
19 407
18 407
9119 407
39 4079
38 4079
4433 4079
52 9887
51 9887
3259 9887
32 2035
31 2035
4217 2035
36 3092
35 3092
9621 3092
24 761
23 761
9956 761
34 2669
33 2669
8716 2669
41 4561
40 4561
6393 4561
40 4404
39 4404
4833 4404
49 8097
48 8097
3317 8097
43 5320
42 5320
2601 5320
48 7472
47 7472
7158 7472
25 972
24 972
2046 972
48 7516
47 7516
1569 7516
47 7126
46 7126
7598 7126
40 4245
39 4245
2764 4245
41 4625
40 4625
7066 4625
47 6895
46 6895
6228 6895
38 3691
37 3691
1240 3691
42 5012
41 5012
8313 5012
46 6823
45 6823
6050 6823
34 2656
33 2656
6829 2656
23 813
22 813
949 813
44 5923
43 5923
1689 5923
42 4757
41 4757
4227 4757
35 2835
34 2835
3128 2835
49 7776
48 7776
2097 7776
41 4487
40 4487
5114 4487
48 7375
47 7375
26 7375
52 9533
51 9533
99 9533
49 8041
48 8041
2474 8041
44 5844
43 5844
7913 5844
47 7290
46 7290
2579 7290
45 6195
44 6195
7753 6195
42 4846
41 4846
5036 4846
34 2513
33 2513
6402 2513
49 8122
48 8122
156 8122
51 9002
50 9002
8776 9002
46 6548
45 6548
5524 6548
49 8257
48 8257
3763 8257
47 7318
46 7318
2947 7318
41 4520
40 4520
7277 4520
35 2703
34 2703
783 2703
45 6137
44 6137
9384 6137
52 9505
51 9505
3731 9505
44 5905
43 5905
7238 5905
37 3444
36 3444
4827 3444
35 2831
34 2831
1535 2831
46 6802
45 6802
6617 6802
52 9914
51 9914
5006 9914
32 1993
31 1993
5892 1993
52 9336
51 9336
6436 9336
52 9660
51 9660
2260 9660
45 6264
44 6264
2740 6264
41 4610
40 4610
887 4610
41 4777
40 4777
4581 4777
50 8854
49 8854
9135 8854
24 960
23 960
132 960
33 2293
32 2293
3682 2293
31 1926
30 1926
9967 1926
12 83
11 83
2617 83
38 3592
37 3592
2634 3592
23 790
22 790
5825 790
26 1078
25 1078
4814 1078
46 6825
45 6825
1501 6825
17 308
16 308
2533 308
33 2203
32 2203
9745 2203
35 2795
34 2795
9248 2795
51 9230
50 9230
5657 9230
24 761
23 761
8673 761
52 9544
51 9544
2992 9544
38 3485
37 3485
7953 3485
35 2773
34 2773
73 2773
49 7820
48 7820
7355 7820
46 6290
45 6290
8170 6290
43 5263
42 5263
8719 5263
42 5220
41 5220
7308 5220
34 2466
33 2466
5296 2466
32 2144
31 2144
8973 2144
31 1847
30 1847
1575 1847
44 5792
43 5792
253 5792
51 8705
50 8705
7325 8705
40 4452
39 4452
820 4452
29 1514
28 1514
2181 1514
51 9342
50 9342
3947 9342
51 9069
50 9069
8592 9069
46 6597
45 6597
5950 6597
41 4556
40 4556
7782 4556
42 5059
41 5059
5329 5059
42 4923
41 4923
4724 4923
51 9175
50 9175
1144 9175
40 4435
39 4435
1416 4435
42 4868
41 4868
333 4868
25 1024
24 1024
4311 1024
36 3056
35 3056
6493 3056
38 3828
37 3828
808 3828
46 6374
45 6374
6955 6374
42 4818
41 4818
9991 4818
49 7796
48 7796
8972 7796
34 2547
33 2547
9075 2547
34 2606
33 2606
9002 2606
27 1332
26 1332
2927 1332
38 3737
37 3737
9922 3737
37 3366
36 3366
4421 3366
52 9329
51 9329
9189 9329
50 8445
49 8445
6238 8445
52 9443
51 9443
7882 9443
32 2098
31 2098
6283 2098
8 19
7 19
7242 19
49 8001
48 8001
8624 8001
35 2904
34 2904
2419 2904
42 4876
41 4876
8979 4876
43 5323
42 5323
4118 5323
41 4661
40 4661
4545 4661
52 9500
51 9500
3882 9500
22 632
21 632
1530 632
31 1933
30 1933
3478 1933
49 7935
48 7935
5584 7935
31 1925
30 1925
9146 1925
35 2684
34 2684
4076 2684
29 1582
28 1582
535 1582
32 2131
31 2131
7753 2131
33 2279
32 2279
8194 2279
36 3228
35 3228
2775 3228
51 9026
50 9026
9606 9026
43 5429
42 5429
6745 5429
50 8439
49 8439
7135 8439
45 6383
44 6383
7623 6383
39 3840
38 3840
3791 3840
46 6829
45 6829
4909 6829
31 1915
30 1915
1100 1915
48 7416
47 7416
5178 7416
40 4091
39 4091
336 4091
40 4237
39 4237
1570 4237
50 8295
49 8295
4088 8295
15 220
14 220
7661 220
36 3178
35 3178
326 3178
50 8747
49 8747
278 8747
51 9025
50 9025
2399 9025
38 3714
37 3714
1644 3714
27 1360
26 1360
6718 1360
40 4525
39 4525
6996 4525
21 541
20 541
7695 541
31 1997
30 1997
8053 1997
38 3539
37 3539
4309 3539
47 7239
46 7239
1658 7239
17 289
16 289
4996 289
53 9971
52 9971
1956 9971
36 3081
35 3081
8679 3081
52 9614
51 9614
2534 9614
48 7441
47 7441
4651 7441
47 7241
46 7241
279 7241
51 9317
50 9317
7746 9317
39 3815
38 3815
1779 3815
26 1139
25 1139
4690 1139
52 9731
51 9731
267 9731
51 9133
50 9133
9876 9133
35 2872
34 2872
4192 2872
49 7979
48 7979
21 7979
38 3559
37 3559
5740 3559
51 8918
50 8918
4999 8918
52 9796
51 9796
4137 9796
46 6734
45 6734
7281 6734
28 1417
27 1417
8871 1417
43 5254
42 5254
6971 5254
31 1842
30 1842
3787 1842
39 3970
38 3970
4852 3970
41 4704
40 4704
6874 4704
45 6384
44 6384
5084 6384
25 1030
24 1030
2178 1030
46 6764
45 6764
250 6764
26 1135
25 1135
5634 1135
52 9434
51 9434
5254 9434
31 1974
30 1974
6685 1974
27 1248
26 1248
480 1248
49 8236
48 8236
3756 8236
51 9081
50 9081
2856 9081
20 533
19 533
9288 533
31 1875
30 1875
4195 1875
53 9931
52 9931
9284 9931
48 7346
47 7346
2877 7346
37 3386
36 3386
8689 3386
48 7787
47 7787
8513 7787
41 4626
40 4626
2759 4626
18 378
17 378
3507 378
46 6473
45 6473
6707 6473
42 4748
41 4748
7895 4748
35 2662
34 2662
1091 2662
40 4437
39 4437
118 4437
47 7239
46 7239
8668 7239
52 9772
51 9772
9648 9772
29 1580
28 1580
1813 1580
51 9178
50 9178
549 9178
53 9961
52 9961
2505 9961
22 655
21 655
9467 655
46 6728
45 6728
6441 6728
44 5709
43 5709
4924 5709
46 6517
45 6517
3304 6517
42 4971
41 4971
5364 4971
41 4544
40 4544
9181 4544
29 1619
28 1619
3031 1619
51 9247
50 9247
1508 9247
52 9668
51 9668
3737 9668
53 9961
52 9961
8173 9961
52 9744
51 9744
2404 9744
46 6796
45 6796
4732 6796
32 2047
31 2047
5862 2047
50 8503
49 8503
6663 8503
41 4763
40 4763
1824 4763
52 9569
51 9569
3003 9569
52 9586
51 9586
9768 9586
21 544
20 544
7544 544
33 2407
32 2407
8743 2407
50 8579
49 8579
4240 8579
27 1218
26 1218
732 1218
51 9353
50 9353
6748 9353
27 1211
26 1211
9848 1211
48 7352
47 7352
1799 7352
36 3202
35 3202
4560 3202
37 3543
36 3543
5041 3543
52 9434
51 9434
9566 9434
18 323
17 323
4381 323
37 3434
36 3434
6720 3434
45 5998
44 5998
4451 5998
20 475
19 475
8504 475
48 7499
47 7499
4719 7499
47 7229
46 7229
2218 7229
45 6356
44 6356
6544 6356
9 33
8 33
5985 33
43 5444
42 5444
8906 5444
42 5088
41 5088
2090 5088
44 5693
43 5693
5540 5693
44 5699
43 5699
6615 5699
52 9764
51 9764
2395 9764
37 3288
36 3288
7645 3288
37 3424
36 3424
9325 3424
26 1092
25 1092
6454 1092
44 5806
43 5806
7199 5806
47 7180
46 7180
6368 7180
42 5120
41 5120
104 5120
53 9866
52 9866
7021 9866
51 8889
50 8889
5571 8889
48 7438
47 7438
6673 7438
32 2227
31 2227
6641 2227
52 9626
51 9626
4807 9626
23 729
22 729
3013 729
37 3269
36 3269
6668 3269
41 4541
40 4541
2518 4541
27 1273
26 1273
818 1273
44 5875
43 5875
7824 5875
41 4470
40 4470
8127 4470
45 6228
44 6228
8931 6228
51 8893
50 8893
5595 8893
39 3933
38 3933
8115 3933
29 1605
28 1605
6406 1605
50 8653
49 8653
7046 8653
47 7113
46 7113
2383 7113
52 9722
51 9722
169 9722
44 5591
43 5591
5710 5591
14 141
13 141
604 141
51 9235
50 9235
8043 9235
39 4081
38 4081
9009 4081
49 7682
48 7682
7396 7682
46 6600
45 6600
9665 6600
39 3920
38 3920
4987 3920
30 1702
29 1702
1591 1702
49 7802
48 7802
2662 7802
41 4628
40 4628
4002 4628
52 9781
51 9781
5678 9781
51 8990
50 8990
4664 8990
41 4581
40 4581
5248 4581
45 6261
44 6261
9886 6261
49 8006
48 8006
2351 8006
31 1838
30 1838
1696 1838
33 2183
32 2183
1328 2183
41 4514
40 4514
1407 4514
39 3770
38 3770
3356 3770
35 2876
34 2876
9598 2876
48 7702
47 7702
5313 7702
43 5374
42 5374
5653 5374
52 9509
51 9509
5922 9509
48 7372
47 7372
5262 7372
46 6822
45 6822
4851 6822
31 1839
30 1839
5099 1839
42 4876
41 4876
1341 4876
28 1443
27 1443
2046 1443
46 6317
45 6317
992 6317
48 7625
47 7625
9086 7625
41 4419
40 4419
9436 4419
43 5350
42 5350
7673 5350
36 2895
35 2895
4311 2895
36 3106
35 3106
7516 3106
44 5665
43 5665
4042 5665
33 2458
32 2458
3133 2458
50 8817
49 8817
7188 8817
44 5727
43 5727
9202 5727
45 6154
44 6154
405 6154
40 4325
39 4325
8471 4325
50 8313
49 8313
4756 8313
37 3525
36 3525
1148 3525
47 7058
46 7058
6890 7058
37 3211
36 3211
6133 3211
40 4427
39 4427
1525 4427
51 8888
50 8888
2360 8888
41 4432
40 4432
550 4432
32 2113
31 2113
8386 2113
52 9821
51 9821
7203 9821
41 4782
40 4782
9667 4782
51 8855
50 8855
9526 8855
42 4956
41 4956
6237 4956
30 1668
29 1668
6107 1668
34 2428
33 2428
3769 2428
39 3837
38 3837
4886 3837
41 4513
40 4513
5650 4513
52 9955
51 9955
3451 9955
16 214
15 214
695 214
52 9880
51 9880
2900 9880
50 8838
49 8838
1565 8838
46 6690
45 6690
5839 6690
53 9890
52 9890
6156 9890
43 5371
42 5371
5421 5371
50 8623
49 8623
7725 8623
52 9859
51 9859
3765 9859
52 9701
51 9701
3090 9701
45 6252
44 6252
7710 6252
37 3361
36 3361
9566 3361
51 8893
50 8893
1880 8893
52 9731
51 9731
6393 9731
49 8065
48 8065
308 8065
44 6033
43 6033
7981 6033
38 3621
37 3621
8311 3621
47 7251
46 7251
5452 7251
51 9133
50 9133
7276 9133
31 2037
30 2037
4423 2037
36 3183
35 3183
9759 3183
29 1656
28 1656
3880 1656
37 3334
36 3334
9842 3334
43 5616
42 5616
7225 5616
47 7088
46 7088
6603 7088
24 903
23 903
3579 903
36 3137
35 3137
676 3137
42 4857
41 4857
1569 4857
46 6526
45 6526
602 6526
51 8902
50 8902
8930 8902
38 3731
37 3731
5263 3731
52 9828
51 9828
1690 9828
29 1454
28 1454
1913 1454
48 7546
47 7546
3625 7546
36 3185
35 3185
4384 3185
25 998
24 998
6466 998
46 6403
45 6403
2163 6403
48 7464
47 7464
5438 7464
49 8320
48 8320
9396 8320
43 5221
42 5221
3575 5221
45 6069
44 6069
728 6069
52 9845
51 9845
429 9845
47 7253
46 7253
7112 7253
35 2820
34 2820
5236 2820
37 3334
36 3334
6066 3334
45 6117
44 6117
212 6117
43 5461
42 5461
5192 5461
41 4442
40 4442
8040 4442
38 3422
37 3422
9040 3422
31 1854
30 1854
3424 1854
52 9476
51 9476
6434 9476
48 7563
47 7563
8431 7563
19 383
18 383
2414 383
41 4596
40 4596
3069 4596
45 6249
44 6249
7379 6249
44 5789
43 5789
1525 5789
23 800
22 800
8297 800
18 365
17 365
3128 365
45 6040
44 6040
4280 6040
30 1843
29 1843
5481 1843
39 3926
38 3926
9806 3926
51 8958
50 8958
6272 8958
26 1029
25 1029
8718 1029
46 6580
45 6580
4791 6580
36 3189
35 3189
1179 3189
44 5788
43 5788
7919 5788
24 871
23 871
257 871
52 9492
51 9492
3772 9492
25 994
24 994
2461 994
26 1147
25 1147
5157 1147
52 9842
51 9842
8064 9842
42 5032
41 5032
5381 5032
43 5379
42 5379
9407 5379
40 4273
39 4273
445 4273
48 7770
47 7770
7270 7770
35 2757
34 2757
3231 2757
40 4221
39 4221
6640 4221
47 6963
46 6963
2564 6963
52 9574
51 9574
161 9574
42 4976
41 4976
7496 4976
11 67
10 67
1165 67
35 2886
34 2886
7289 2886
40 4249
39 4249
2526 4249
38 3615
37 3615
4875 3615
50 8781
49 8781
6497 8781
45 6222
44 6222
9846 6222
33 2329
32 2329
1161 2329
32 2086
31 2086
7654 2086
44 5981
43 5981
9051 5981
49 7809
48 7809
5563 7809
39 3964
38 3964
5793 3964
34 2602
33 2602
6791 2602
42 5163
41 5163
5176 5163
42 4947
41 4947
8451 4947
42 4965
41 4965
7953 4965
23 752
22 752
8169 752
